No.,record_id,Sequence,Predicted k1,akay_rank,k1_regression_head_with_availability_domain_weighted_predicted_k1,k1_regression_head_with_availability_domain_weighted_rank
747,747,GCCCCTAACCGCTCCGTGATGCCTACCAAG,7.369585e+06,1,2.4191868e+06,39
748,748,CCCCTAACCGCTCCGTGATGCCTACCAAGT,6.229555e+06,2,1.514302e+06,122
840,840,CCCACCTTTATTTTGATCTCCATAACCATT,6.113197e+06,3,3.4383628e+06,4
841,841,CCACCTTTATTTTGATCTCCATAACCATTT,5.62273e+06,4,2.772357e+06,24
838,838,ACCCCACCTTTATTTTGATCTCCATAACCA,5.464642e+06,5,3.3674735e+06,5
950,950,GGCGGATTACTTGAGGATAGGAGTTCCAGA,5.398202e+06,6,1.0334657e+06,250
94,94,TCCGCCTGCATTTCTTTTTCTGGATTACTT,5.145835e+06,7,3.783907e+06,2
833,833,TCCCGACCCCACCTTTATTTTGATCTCCAT,5.067926e+06,8,2.82246e+06,20
582,582,GCCCCATCTCTTAGCTCGCGGTTGTTTCAT,4.994916e+06,9,807347.75,350
839,839,CCCCACCTTTATTTTGATCTCCATAACCAT,4.762179e+06,10,3.0868315e+06,10
93,93,CTCCGCCTGCATTTCTTTTTCTGGATTACT,4.75432e+06,11,2.73124e+06,26
837,837,GACCCCACCTTTATTTTGATCTCCATAACC,4.733229e+06,12,3.7494778e+06,3
832,832,TTCCCGACCCCACCTTTATTTTGATCTCCA,4.730901e+06,13,3.0700768e+06,11
949,949,GGGCGGATTACTTGAGGATAGGAGTTCCAG,4.673813e+06,14,2.7134465e+06,27
749,749,CCCTAACCGCTCCGTGATGCCTACCAAGTC,4.598225e+06,15,1.9410249e+06,73
175,175,CCCTCCCCTTCTTTGAATGGTGTGCCCCAC,4.581923e+06,16,1.5428221e+06,120
834,834,CCCGACCCCACCTTTATTTTGATCTCCATA,4.545109e+06,17,3.148776e+06,9
173,173,ATCCCTCCCCTTCTTTGAATGGTGTGCCCC,4.409869e+06,18,1.1939728e+06,200
835,835,CCGACCCCACCTTTATTTTGATCTCCATAA,4.369259e+06,19,2.804531e+06,22
583,583,CCCCATCTCTTAGCTCGCGGTTGTTTCATT,4.284639e+06,20,987323.9,263
91,91,TTCTCCGCCTGCATTTCTTTTTCTGGATTA,4.279253e+06,21,1.9518129e+06,72
831,831,ATTCCCGACCCCACCTTTATTTTGATCTCC,4.279233e+06,22,3.0472508e+06,13
172,172,AATCCCTCCCCTTCTTTGAATGGTGTGCCC,4.264335e+06,23,1.5921462e+06,114
381,381,TGGGTCGTTTGATAATTTGTCGGAAAAACA,4.227338e+06,24,1.810769e+06,88
166,166,AACCTCAATCCCTCCCCTTCTTTGAATGGT,4.176311e+06,25,1.2238495e+06,194
254,254,GGAGGGAAAGAAGTGTGCAGAAGGCAAGCC,4.07667e+06,26,2.699086e+06,29
944,944,GAGGCGGGCGGATTACTTGAGGATAGGAGT,4.058894e+06,27,1.3854826e+06,149
89,89,TATTCTCCGCCTGCATTTCTTTTTCTGGAT,3.963528e+06,28,2.0352514e+06,69
176,176,CCTCCCCTTCTTTGAATGGTGTGCCCCACC,3.922256e+06,29,2.1194928e+06,57
694,694,CATTTACACACAGCGCCAGTGCACACAGCA,3.865883e+06,30,1.0859051e+06,237
342,342,GGGTACGTCTGAGAATCAAATTTTGAAAGA,3.858767e+06,31,2.4416445e+06,37
746,746,GGCCCCTAACCGCTCCGTGATGCCTACCAA,3.857928e+06,32,2.3350448e+06,42
95,95,CCGCCTGCATTTCTTTTTCTGGATTACTTA,3.819176e+06,33,2.4871385e+06,36
948,948,CGGGCGGATTACTTGAGGATAGGAGTTCCA,3.760385e+06,34,2.2372758e+06,51
945,945,AGGCGGGCGGATTACTTGAGGATAGGAGTT,3.76013e+06,35,1.6661259e+06,106
174,174,TCCCTCCCCTTCTTTGAATGGTGTGCCCCA,3.64934e+06,36,1.0535844e+06,245
946,946,GGCGGGCGGATTACTTGAGGATAGGAGTTC,3.633231e+06,37,2.2367502e+06,52
757,757,GCTCCGTGATGCCTACCAAGTCACAGACCC,3.618138e+06,38,1.1644878e+06,213
22,22,AGAGGGGAGGAGAGAGAGAGAAAATGTCCT,3.609201e+06,39,956804.1,281
566,566,ATTCATTTCTCCCGCTGCCCCATCTCTTAG,3.547193e+06,40,1.0692399e+06,241
580,580,CTGCCCCATCTCTTAGCTCGCGGTTGTTTC,3.532959e+06,41,982695.06,268
771,771,ACCAAGTCACAGACCCTTTTCATCGTCCCA,3.506461e+06,42,1.7567481e+06,97
836,836,CGACCCCACCTTTATTTTGATCTCCATAAC,3.482637e+06,43,3.79823e+06,1
581,581,TGCCCCATCTCTTAGCTCGCGGTTGTTTCA,3.455505e+06,44,1.1846206e+06,204
252,252,AGGGAGGGAAAGAAGTGTGCAGAAGGCAAG,3.431083e+06,45,2.0764172e+06,61
165,165,AAACCTCAATCCCTCCCCTTCTTTGAATGG,3.421209e+06,46,1.4174005e+06,136
242,242,GGCGTGAGACAGGGAGGGAAAGAAGTGTGC,3.416254e+06,47,1.8735961e+06,80
312,312,TCATCTTCCCGGAGGAAAAAAAAAAAGAAT,3.405957e+06,48,391190.8,630
96,96,CGCCTGCATTTCTTTTTCTGGATTACTTAG,3.387354e+06,49,2.3050225e+06,44
343,343,GGTACGTCTGAGAATCAAATTTTGAAAGAG,3.367718e+06,50,1.8178068e+06,86
693,693,GCATTTACACACAGCGCCAGTGCACACAGC,3.365596e+06,51,1.3691116e+06,154
842,842,CACCTTTATTTTGATCTCCATAACCATTTT,3.324138e+06,52,2.805307e+06,21
696,696,TTTACACACAGCGCCAGTGCACACAGCAAG,3.311304e+06,53,830929.6,342
507,507,GGTCCTCCGTGCAGCCCTCCGGCCCGAGCC,3.273553e+06,54,372312.06,647
321,321,CGGAGGAAAAAAAAAAAGAATGGGTACGTC,3.255164e+06,55,2.790065e+06,23
947,947,GCGGGCGGATTACTTGAGGATAGGAGTTCC,3.240634e+06,56,2.0409912e+06,66
161,161,ATGCAAACCTCAATCCCTCCCCTTCTTTGA,3.220565e+06,57,1.2495938e+06,190
844,844,CCTTTATTTTGATCTCCATAACCATTTTGC,3.219745e+06,58,2.0855886e+06,60
584,584,CCCATCTCTTAGCTCGCGGTTGTTTCATTC,3.187522e+06,59,1.1152234e+06,228
92,92,TCTCCGCCTGCATTTCTTTTTCTGGATTAC,3.181527e+06,60,3.2423862e+06,7
877,877,TTGGAGAACTTCATATAGAATGGAATCAGG,3.143999e+06,61,2.2613945e+06,47
767,767,GCCTACCAAGTCACAGACCCTTTTCATCGT,3.118025e+06,62,1.8854228e+06,77
111,111,TTCTGGATTACTTAGTTATGGCCTTTGCAA,3.111911e+06,63,2.8277922e+06,19
777,777,TCACAGACCCTTTTCATCGTCCCAGAAACG,3.089278e+06,64,1.5409194e+06,121
565,565,AATTCATTTCTCCCGCTGCCCCATCTCTTA,3.043449e+06,65,789799.25,358
959,959,CTTGAGGATAGGAGTTCCAGACCAGCGTGG,3.012244e+06,66,1.0563029e+06,243
943,943,CGAGGCGGGCGGATTACTTGAGGATAGGAG,2.986221e+06,67,1.8940334e+06,76
999,999,GAATCCCCGTCTCTACTAAAAAATACAAAA,2.98365e+06,68,1.3212051e+06,167
88,88,CTATTCTCCGCCTGCATTTCTTTTTCTGGA,2.967956e+06,69,1.4190402e+06,135
830,830,GATTCCCGACCCCACCTTTATTTTGATCTC,2.967379e+06,70,2.0611238e+06,64
459,459,AGGCTGAACGTCGTGAAGCGGAAGGGGCGG,2.965665e+06,71,867935.6,328
55,55,GGCCGGTTCCTCTTACTTGGCAGAGGGAGG,2.956515e+06,72,2.0482244e+06,65
253,253,GGGAGGGAAAGAAGTGTGCAGAAGGCAAGC,2.936085e+06,73,2.5531305e+06,33
20,20,TGAGAGGGGAGGAGAGAGAGAGAAAATGTC,2.914762e+06,74,1.6144106e+06,112
845,845,CTTTATTTTGATCTCCATAACCATTTTGCC,2.909977e+06,75,1.1074361e+06,230
770,770,TACCAAGTCACAGACCCTTTTCATCGTCCC,2.892948e+06,76,1.0243198e+06,254
284,284,CGGAGGTATTTTCAAGAATGAGTATATCTC,2.883388e+06,77,2.9675712e+06,14
783,783,ACCCTTTTCATCGTCCCAGAAACGTTTCAT,2.882211e+06,78,1.1428095e+06,222
90,90,ATTCTCCGCCTGCATTTCTTTTTCTGGATT,2.864613e+06,79,1.4830586e+06,125
198,198,GCCCCACCCCGCGGGTCGCCTGCAACCTAG,2.857055e+06,80,906254.4,303
867,867,ATTTTGCCTGTTGGAGAACTTCATATAGAA,2.852226e+06,81,1.4850856e+06,124
177,177,CTCCCCTTCTTTGAATGGTGTGCCCCACCC,2.837813e+06,82,2.3087258e+06,43
241,241,TGGCGTGAGACAGGGAGGGAAAGAAGTGTG,2.791934e+06,83,627475.75,442
167,167,ACCTCAATCCCTCCCCTTCTTTGAATGGTG,2.77285e+06,84,1.2024464e+06,199
745,745,TGGCCCCTAACCGCTCCGTGATGCCTACCA,2.767073e+06,85,1.2317802e+06,193
1000,1000,AATCCCCGTCTCTACTAAAAAATACAAAAA,2.711455e+06,86,1.3783e+06,152
100,100,TGCATTTCTTTTTCTGGATTACTTAGTTAT,2.646289e+06,87,2.251346e+06,49
765,765,ATGCCTACCAAGTCACAGACCCTTTTCATC,2.629594e+06,88,1.3303349e+06,163
160,160,GATGCAAACCTCAATCCCTCCCCTTCTTTG,2.617739e+06,89,1.5814404e+06,115
143,143,GCAGGGGTATTTGTTTTGATGCAAACCTCA,2.616953e+06,90,2.3661305e+06,41
97,97,GCCTGCATTTCTTTTTCTGGATTACTTAGT,2.592005e+06,91,2.422831e+06,38
370,370,GAGTGCAATGATGGGTCGTTTGATAATTTG,2.588607e+06,92,1.3568315e+06,159
371,371,AGTGCAATGATGGGTCGTTTGATAATTTGT,2.580495e+06,93,1.3010259e+06,175
571,571,TTTCTCCCGCTGCCCCATCTCTTAGCTCGC,2.573441e+06,94,1.2220931e+06,195
322,322,GGAGGAAAAAAAAAAAGAATGGGTACGTCT,2.568623e+06,95,2.0405858e+06,67
744,744,TTGGCCCCTAACCGCTCCGTGATGCCTACC,2.552407e+06,96,801911.9,353
759,759,TCCGTGATGCCTACCAAGTCACAGACCCTT,2.549065e+06,97,1.9770934e+06,70
310,310,TCTCATCTTCCCGGAGGAAAAAAAAAAAGA,2.538366e+06,98,608267.1,449
346,346,ACGTCTGAGAATCAAATTTTGAAAGAGTGC,2.534501e+06,99,1.3147339e+06,171
951,951,GCGGATTACTTGAGGATAGGAGTTCCAGAC,2.504123e+06,100,942070.56,286
843,843,ACCTTTATTTTGATCTCCATAACCATTTTG,2.499847e+06,101,2.6115265e+06,31
17,17,CGATGAGAGGGGAGGAGAGAGAGAGAAAAT,2.496873e+06,102,1.3539891e+06,161
229,229,CGGACGCTACCATGGCGTGAGACAGGGAGG,2.489469e+06,103,937026.1,289
568,568,TCATTTCTCCCGCTGCCCCATCTCTTAGCT,2.48781e+06,104,1.4156275e+06,137
558,558,GAACTCGAATTCATTTCTCCCGCTGCCCCA,2.483603e+06,105,412864.94,607
753,753,AACCGCTCCGTGATGCCTACCAAGTCACAG,2.462722e+06,106,1.2701155e+06,183
769,769,CTACCAAGTCACAGACCCTTTTCATCGTCC,2.460701e+06,107,1.2586625e+06,186
850,850,TTTTGATCTCCATAACCATTTTGCCTGTTG,2.454583e+06,108,1.4353888e+06,132
349,349,TCTGAGAATCAAATTTTGAAAGAGTGCAAT,2.453963e+06,109,1.7489191e+06,98
340,340,ATGGGTACGTCTGAGAATCAAATTTTGAAA,2.439359e+06,110,2.7354868e+06,25
878,878,TGGAGAACTTCATATAGAATGGAATCAGGC,2.431615e+06,111,2.0631592e+06,63
197,197,TGCCCCACCCCGCGGGTCGCCTGCAACCTA,2.427137e+06,112,887683.06,315
164,164,CAAACCTCAATCCCTCCCCTTCTTTGAATG,2.415524e+06,113,1.4414154e+06,131
109,109,TTTTCTGGATTACTTAGTTATGGCCTTTGC,2.413829e+06,114,740438.8,380
145,145,AGGGGTATTTGTTTTGATGCAAACCTCAAT,2.413526e+06,115,1.1280976e+06,224
178,178,TCCCCTTCTTTGAATGGTGTGCCCCACCCC,2.401302e+06,116,1.7657091e+06,94
243,243,GCGTGAGACAGGGAGGGAAAGAAGTGTGCA,2.394264e+06,117,1.00804175e+06,257
934,934,TTGGGAGGCCGAGGCGGGCGGATTACTTGA,2.393704e+06,118,441952.16,579
384,384,GTCGTTTGATAATTTGTCGGAAAAACAATC,2.39016e+06,119,719436.94,390
142,142,GGCAGGGGTATTTGTTTTGATGCAAACCTC,2.388182e+06,120,2.954132e+06,15
849,849,ATTTTGATCTCCATAACCATTTTGCCTGTT,2.388145e+06,121,1.7688506e+06,93
139,139,AAAGGCAGGGGTATTTGTTTTGATGCAAAC,2.385992e+06,122,1.2061568e+06,197
383,383,GGTCGTTTGATAATTTGTCGGAAAAACAAT,2.375511e+06,123,1.2598834e+06,185
570,570,ATTTCTCCCGCTGCCCCATCTCTTAGCTCG,2.374904e+06,124,1.0675835e+06,242
171,171,CAATCCCTCCCCTTCTTTGAATGGTGTGCC,2.368851e+06,125,1.4540235e+06,130
146,146,GGGGTATTTGTTTTGATGCAAACCTCAATC,2.356373e+06,126,1.3592874e+06,158
87,87,GCTATTCTCCGCCTGCATTTCTTTTTCTGG,2.353698e+06,127,1.7713558e+06,92
726,726,TGCACAGGAAGATGAGTTTTGGCCCCTAAC,2.340117e+06,128,1.7123424e+06,103
103,103,ATTTCTTTTTCTGGATTACTTAGTTATGGC,2.334918e+06,129,2.2181632e+06,54
756,756,CGCTCCGTGATGCCTACCAAGTCACAGACC,2.32265e+06,130,1.7805516e+06,91
108,108,TTTTTCTGGATTACTTAGTTATGGCCTTTG,2.321676e+06,131,1.713356e+06,102
23,23,GAGGGGAGGAGAGAGAGAGAAAATGTCCTT,2.319469e+06,132,916173.0,295
611,611,TTCCGCAGTTTCTTCCCATGCACCTGCCGC,2.317183e+06,133,1.2789399e+06,181
107,107,CTTTTTCTGGATTACTTAGTTATGGCCTTT,2.29211e+06,134,1.1923561e+06,201
105,105,TTCTTTTTCTGGATTACTTAGTTATGGCCT,2.28944e+06,135,2.9394818e+06,16
347,347,CGTCTGAGAATCAAATTTTGAAAGAGTGCA,2.283463e+06,136,3.1515532e+06,8
998,998,TGAATCCCCGTCTCTACTAAAAAATACAAA,2.280376e+06,137,984855.3,266
667,667,CGTCATCTTTTTCCTAAATCGAGGTGGCAT,2.26597e+06,138,533687.25,501
106,106,TCTTTTTCTGGATTACTTAGTTATGGCCTT,2.265462e+06,139,2.0903272e+06,59
764,764,GATGCCTACCAAGTCACAGACCCTTTTCAT,2.258152e+06,140,1.6748858e+06,105
754,754,ACCGCTCCGTGATGCCTACCAAGTCACAGA,2.242574e+06,141,1.7411746e+06,99
560,560,ACTCGAATTCATTTCTCCCGCTGCCCCATC,2.237762e+06,142,510503.53,514
99,99,CTGCATTTCTTTTTCTGGATTACTTAGTTA,2.23414e+06,143,2.6513215e+06,30
784,784,CCCTTTTCATCGTCCCAGAAACGTTTCATC,2.212048e+06,144,914326.0,296
766,766,TGCCTACCAAGTCACAGACCCTTTTCATCG,2.191751e+06,145,1.7887421e+06,90
309,309,ATCTCATCTTCCCGGAGGAAAAAAAAAAAG,2.191642e+06,146,526697.1,507
84,84,GCTGCTATTCTCCGCCTGCATTTCTTTTTC,2.180834e+06,147,557200.2,483
460,460,GGCTGAACGTCGTGAAGCGGAAGGGGCGGG,2.17388e+06,148,565065.8,477
487,487,GGGCCCGCAGGCGTCCGTGTGGTCCTCCGT,2.172611e+06,149,569783.8,473
21,21,GAGAGGGGAGGAGAGAGAGAGAAAATGTCC,2.154844e+06,150,1.1499802e+06,219
569,569,CATTTCTCCCGCTGCCCCATCTCTTAGCTC,2.152626e+06,151,1.0710211e+06,240
723,723,AAGTGCACAGGAAGATGAGTTTTGGCCCCT,2.149233e+06,152,2.0675562e+06,62
18,18,GATGAGAGGGGAGGAGAGAGAGAGAAAATG,2.144099e+06,153,1.9699882e+06,71
144,144,CAGGGGTATTTGTTTTGATGCAAACCTCAA,2.130502e+06,154,2.2873748e+06,45
960,960,TTGAGGATAGGAGTTCCAGACCAGCGTGGC,2.123939e+06,155,1.0064868e+06,259
601,601,GGTTGTTTCATTCCGCAGTTTCTTCCCATG,2.120543e+06,156,1.303385e+06,174
669,669,TCATCTTTTTCCTAAATCGAGGTGGCATTT,2.106313e+06,157,929320.25,290
725,725,GTGCACAGGAAGATGAGTTTTGGCCCCTAA,2.093097e+06,158,2.1138942e+06,58
660,660,GTACTTACGTCATCTTTTTCCTAAATCGAG,2.070873e+06,159,344899.88,681
768,768,CCTACCAAGTCACAGACCCTTTTCATCGTC,2.064193e+06,160,1.3399499e+06,162
612,612,TCCGCAGTTTCTTCCCATGCACCTGCCGCG,2.06413e+06,161,1.4107338e+06,141
676,676,TTTCCTAAATCGAGGTGGCATTTACACACA,2.063782e+06,162,562689.06,482
807,807,TTTCATCACGTCTCTTCCCAGTCGATTCCC,2.061222e+06,163,488195.06,535
750,750,CCTAACCGCTCCGTGATGCCTACCAAGTCA,2.05522e+06,164,957571.3,280
685,685,TCGAGGTGGCATTTACACACAGCGCCAGTG,2.054229e+06,165,1.398498e+06,144
345,345,TACGTCTGAGAATCAAATTTTGAAAGAGTG,2.052595e+06,166,1.4595834e+06,129
350,350,CTGAGAATCAAATTTTGAAAGAGTGCAATG,2.031772e+06,167,790539.3,357
244,244,CGTGAGACAGGGAGGGAAAGAAGTGTGCAG,2.019418e+06,168,1.3281806e+06,164
86,86,TGCTATTCTCCGCCTGCATTTCTTTTTCTG,2.018348e+06,169,1.0834256e+06,238
255,255,GAGGGAAAGAAGTGTGCAGAAGGCAAGCCC,2.012896e+06,170,964893.6,278
605,605,GTTTCATTCCGCAGTTTCTTCCCATGCACC,2.010544e+06,171,1.6633805e+06,107
579,579,GCTGCCCCATCTCTTAGCTCGCGGTTGTTT,2.010456e+06,172,634945.94,433
894,894,GAATGGAATCAGGCTGGGCGCTGTGGCTCA,2.002523e+06,173,286201.7,760
606,606,TTTCATTCCGCAGTTTCTTCCCATGCACCT,1.994948e+06,174,1.1780446e+06,208
986,986,TGGCCAACGTGGTGAATCCCCGTCTCTACT,1.993772e+06,175,1.1749574e+06,209
306,306,TATATCTCATCTTCCCGGAGGAAAAAAAAA,1.988351e+06,176,300370.84,740
781,781,AGACCCTTTTCATCGTCCCAGAAACGTTTC,1.98467e+06,177,1.0360321e+06,249
608,608,TCATTCCGCAGTTTCTTCCCATGCACCTGC,1.982636e+06,178,1.2946705e+06,177
655,655,GTGCCGTACTTACGTCATCTTTTTCCTAAA,1.977397e+06,179,939167.44,288
559,559,AACTCGAATTCATTTCTCCCGCTGCCCCAT,1.970473e+06,180,423863.8,598
311,311,CTCATCTTCCCGGAGGAAAAAAAAAAAGAA,1.951688e+06,181,856410.6,332
508,508,GTCCTCCGTGCAGCCCTCCGGCCCGAGCCG,1.941e+06,182,853240.1,334
755,755,CCGCTCCGTGATGCCTACCAAGTCACAGAC,1.938137e+06,183,1.3187458e+06,169
199,199,CCCCACCCCGCGGGTCGCCTGCAACCTAGG,1.931531e+06,184,805873.1,351
556,556,CGGAACTCGAATTCATTTCTCCCGCTGCCC,1.922506e+06,185,805015.3,352
45,45,ATGTCCTTTAGGCCGGTTCCTCTTACTTGG,1.914076e+06,186,1.3125602e+06,173
279,279,AAGCCCGGAGGTATTTTCAAGAATGAGTAT,1.909057e+06,187,2.234357e+06,53
498,498,CGTCCGTGTGGTCCTCCGTGCAGCCCTCCG,1.903167e+06,188,1.5506069e+06,119
808,808,TTCATCACGTCTCTTCCCAGTCGATTCCCG,1.899798e+06,189,1.2823849e+06,180
662,662,ACTTACGTCATCTTTTTCCTAAATCGAGGT,1.897775e+06,190,510616.22,513
444,444,TCCAGTTCCAGACGCAGGCTGAACGTCGTG,1.888993e+06,191,284950.62,762
785,785,CCTTTTCATCGTCCCAGAAACGTTTCATCA,1.887857e+06,192,739016.7,381
363,363,TTTGAAAGAGTGCAATGATGGGTCGTTTGA,1.887793e+06,193,522569.34,510
650,650,ACTTTGTGCCGTACTTACGTCATCTTTTTC,1.887563e+06,194,668746.6,415
179,179,CCCCTTCTTTGAATGGTGTGCCCCACCCCG,1.885951e+06,195,663656.4,416
104,104,TTTCTTTTTCTGGATTACTTAGTTATGGCC,1.880988e+06,196,2.126815e+06,56
661,661,TACTTACGTCATCTTTTTCCTAAATCGAGG,1.865341e+06,197,133952.62,936
250,250,ACAGGGAGGGAAAGAAGTGTGCAGAAGGCA,1.865081e+06,198,1.2480499e+06,192
140,140,AAGGCAGGGGTATTTGTTTTGATGCAAACC,1.862358e+06,199,2.1449142e+06,55
695,695,ATTTACACACAGCGCCAGTGCACACAGCAA,1.856506e+06,200,1.3858874e+06,148
324,324,AGGAAAAAAAAAAAGAATGGGTACGTCTGA,1.855301e+06,201,1.75724e+06,96
308,308,TATCTCATCTTCCCGGAGGAAAAAAAAAAA,1.848697e+06,202,865846.44,330
16,16,CCGATGAGAGGGGAGGAGAGAGAGAGAAAA,1.84324e+06,203,1.5742025e+06,117
585,585,CCATCTCTTAGCTCGCGGTTGTTTCATTCC,1.837194e+06,204,886169.75,316
806,806,GTTTCATCACGTCTCTTCCCAGTCGATTCC,1.834246e+06,205,893142.1,312
616,616,CAGTTTCTTCCCATGCACCTGCCGCGTACC,1.82607e+06,206,1.00215544e+06,260
162,162,TGCAAACCTCAATCCCTCCCCTTCTTTGAA,1.825759e+06,207,1.1899249e+06,202
609,609,CATTCCGCAGTTTCTTCCCATGCACCTGCC,1.81628e+06,208,1.8409291e+06,84
625,625,CCCATGCACCTGCCGCGTACCGGCCACTTT,1.800582e+06,209,1.1557002e+06,217
862,862,TAACCATTTTGCCTGTTGGAGAACTTCATA,1.797128e+06,210,1.41518e+06,138
326,326,GAAAAAAAAAAAGAATGGGTACGTCTGAGA,1.788638e+06,211,623070.3,443
379,379,GATGGGTCGTTTGATAATTTGTCGGAAAAA,1.777119e+06,212,2.5298945e+06,35
486,486,CGGGCCCGCAGGCGTCCGTGTGGTCCTCCG,1.772146e+06,213,391217.44,629
500,500,TCCGTGTGGTCCTCCGTGCAGCCCTCCGGC,1.766809e+06,214,1.1403229e+06,223
751,751,CTAACCGCTCCGTGATGCCTACCAAGTCAC,1.76661e+06,215,1.2652356e+06,184
651,651,CTTTGTGCCGTACTTACGTCATCTTTTTCC,1.766437e+06,216,522545.25,511
50,50,CTTTAGGCCGGTTCCTCTTACTTGGCAGAG,1.763281e+06,217,476072.25,548
692,692,GGCATTTACACACAGCGCCAGTGCACACAG,1.754759e+06,218,909058.75,301
102,102,CATTTCTTTTTCTGGATTACTTAGTTATGG,1.754053e+06,219,2.545875e+06,34
506,506,TGGTCCTCCGTGCAGCCCTCCGGCCCGAGC,1.753457e+06,220,370888.97,649
604,604,TGTTTCATTCCGCAGTTTCTTCCCATGCAC,1.749764e+06,221,1.4781054e+06,127
654,654,TGTGCCGTACTTACGTCATCTTTTTCCTAA,1.749539e+06,222,1.4115131e+06,139
19,19,ATGAGAGGGGAGGAGAGAGAGAGAAAATGT,1.746018e+06,223,1.2978016e+06,176
780,780,CAGACCCTTTTCATCGTCCCAGAAACGTTT,1.745789e+06,224,719994.0,389
722,722,CAAGTGCACAGGAAGATGAGTTTTGGCCCC,1.745607e+06,225,1.9042424e+06,74
602,602,GTTGTTTCATTCCGCAGTTTCTTCCCATGC,1.744509e+06,226,707083.4,397
273,273,GAAGGCAAGCCCGGAGGTATTTTCAAGAAT,1.738911e+06,227,483782.28,541
348,348,GTCTGAGAATCAAATTTTGAAAGAGTGCAA,1.738531e+06,228,1.4348594e+06,133
163,163,GCAAACCTCAATCCCTCCCCTTCTTTGAAT,1.731593e+06,229,1.1206486e+06,227
168,168,CCTCAATCCCTCCCCTTCTTTGAATGGTGT,1.726763e+06,230,1.4210438e+06,134
533,533,AGCCGGTTCTTCCTGGTAGGAGGCGGAACT,1.72193e+06,231,550004.75,491
683,683,AATCGAGGTGGCATTTACACACAGCGCCAG,1.710225e+06,232,579843.6,468
141,141,AGGCAGGGGTATTTGTTTTGATGCAAACCT,1.709866e+06,233,3.0581e+06,12
624,624,TCCCATGCACCTGCCGCGTACCGGCCACTT,1.706478e+06,234,712482.4,395
313,313,CATCTTCCCGGAGGAAAAAAAAAAAGAATG,1.698475e+06,235,450596.78,573
275,275,AGGCAAGCCCGGAGGTATTTTCAAGAATGA,1.697313e+06,236,983554.25,267
320,320,CCGGAGGAAAAAAAAAAAGAATGGGTACGT,1.676222e+06,237,1.3194438e+06,168
280,280,AGCCCGGAGGTATTTTCAAGAATGAGTATA,1.67196e+06,238,1.2510791e+06,187
377,377,ATGATGGGTCGTTTGATAATTTGTCGGAAA,1.666348e+06,239,1.3179395e+06,170
307,307,ATATCTCATCTTCCCGGAGGAAAAAAAAAA,1.657035e+06,240,417720.1,604
249,249,GACAGGGAGGGAAAGAAGTGTGCAGAAGGC,1.655411e+06,241,913134.1,298
338,338,GAATGGGTACGTCTGAGAATCAAATTTTGA,1.654512e+06,242,2.259801e+06,48
282,282,CCCGGAGGTATTTTCAAGAATGAGTATATC,1.64704e+06,243,771703.9,365
468,468,GTCGTGAAGCGGAAGGGGCGGGCCCGCAGG,1.639844e+06,244,240245.25,808
653,653,TTGTGCCGTACTTACGTCATCTTTTTCCTA,1.627482e+06,245,1.0479244e+06,246
821,821,TTCCCAGTCGATTCCCGACCCCACCTTTAT,1.62699e+06,246,1.2057145e+06,198
330,330,AAAAAAAAGAATGGGTACGTCTGAGAATCA,1.612013e+06,247,358313.47,665
786,786,CTTTTCATCGTCCCAGAAACGTTTCATCAC,1.604908e+06,248,928147.56,291
362,362,TTTTGAAAGAGTGCAATGATGGGTCGTTTG,1.59213e+06,249,350279.34,677
782,782,GACCCTTTTCATCGTCCCAGAAACGTTTCA,1.583917e+06,250,832170.44,341
490,490,CCCGCAGGCGTCCGTGTGGTCCTCCGTGCA,1.578341e+06,251,582280.75,465
101,101,GCATTTCTTTTTCTGGATTACTTAGTTATG,1.577158e+06,252,2.2863028e+06,46
561,561,CTCGAATTCATTTCTCCCGCTGCCCCATCT,1.564337e+06,253,425497.7,595
717,717,CACAGCAAGTGCACAGGAAGATGAGTTTTG,1.561414e+06,254,701876.25,400
327,327,AAAAAAAAAAAGAATGGGTACGTCTGAGAA,1.55793e+06,255,1.02645894e+06,253
776,776,GTCACAGACCCTTTTCATCGTCCCAGAAAC,1.55664e+06,256,949589.1,282
772,772,CCAAGTCACAGACCCTTTTCATCGTCCCAG,1.552427e+06,257,985368.0,265
809,809,TCATCACGTCTCTTCCCAGTCGATTCCCGA,1.551953e+06,258,975276.25,271
742,742,TTTTGGCCCCTAACCGCTCCGTGATGCCTA,1.550267e+06,259,384585.9,634
586,586,CATCTCTTAGCTCGCGGTTGTTTCATTCCG,1.549377e+06,260,642343.56,428
623,623,TTCCCATGCACCTGCCGCGTACCGGCCACT,1.547772e+06,261,1.0976501e+06,233
329,329,AAAAAAAAAGAATGGGTACGTCTGAGAATC,1.544251e+06,262,640279.06,431
272,272,AGAAGGCAAGCCCGGAGGTATTTTCAAGAA,1.539525e+06,263,944245.2,285
341,341,TGGGTACGTCTGAGAATCAAATTTTGAAAG,1.52245e+06,264,2.3974855e+06,40
497,497,GCGTCCGTGTGGTCCTCCGTGCAGCCCTCC,1.517418e+06,265,1.5965471e+06,113
656,656,TGCCGTACTTACGTCATCTTTTTCCTAAAT,1.502337e+06,266,454798.75,568
758,758,CTCCGTGATGCCTACCAAGTCACAGACCCT,1.497286e+06,267,700376.7,402
562,562,TCGAATTCATTTCTCCCGCTGCCCCATCTC,1.493699e+06,268,246720.5,803
46,46,TGTCCTTTAGGCCGGTTCCTCTTACTTGGC,1.483965e+06,269,632480.06,434
890,890,TATAGAATGGAATCAGGCTGGGCGCTGTGG,1.482617e+06,270,360500.0,660
281,281,GCCCGGAGGTATTTTCAAGAATGAGTATAT,1.470477e+06,271,1.6451142e+06,109
572,572,TTCTCCCGCTGCCCCATCTCTTAGCTCGCG,1.46848e+06,272,905646.6,304
684,684,ATCGAGGTGGCATTTACACACAGCGCCAGT,1.465239e+06,273,893339.25,311
386,386,CGTTTGATAATTTGTCGGAAAAACAATCTA,1.461814e+06,274,563580.0,480
85,85,CTGCTATTCTCCGCCTGCATTTCTTTTTCT,1.457817e+06,275,797724.8,355
613,613,CCGCAGTTTCTTCCCATGCACCTGCCGCGT,1.450638e+06,276,818376.94,346
246,246,TGAGACAGGGAGGGAAAGAAGTGTGCAGAA,1.449263e+06,277,1.392296e+06,146
668,668,GTCATCTTTTTCCTAAATCGAGGTGGCATT,1.449229e+06,278,958294.94,279
257,257,GGGAAAGAAGTGTGCAGAAGGCAAGCCCGG,1.44772e+06,279,892509.9,313
790,790,TCATCGTCCCAGAAACGTTTCATCACGTCT,1.443939e+06,280,829264.5,344
44,44,AATGTCCTTTAGGCCGGTTCCTCTTACTTG,1.442401e+06,281,878743.2,320
328,328,AAAAAAAAAAGAATGGGTACGTCTGAGAAT,1.438924e+06,282,902456.4,306
610,610,ATTCCGCAGTTTCTTCCCATGCACCTGCCG,1.438503e+06,283,1.8522871e+06,82
489,489,GCCCGCAGGCGTCCGTGTGGTCCTCCGTGC,1.435235e+06,284,706363.25,398
622,622,CTTCCCATGCACCTGCCGCGTACCGGCCAC,1.430898e+06,285,1.0918685e+06,235
791,791,CATCGTCCCAGAAACGTTTCATCACGTCTC,1.429103e+06,286,308119.03,731
810,810,CATCACGTCTCTTCCCAGTCGATTCCCGAC,1.425925e+06,287,1.2508374e+06,188
228,228,GCGGACGCTACCATGGCGTGAGACAGGGAG,1.423823e+06,288,457957.6,567
443,443,TTCCAGTTCCAGACGCAGGCTGAACGTCGT,1.421326e+06,289,504234.34,518
251,251,CAGGGAGGGAAAGAAGTGTGCAGAAGGCAA,1.407236e+06,290,1.3864185e+06,147
30,30,GGAGAGAGAGAGAAAATGTCCTTTAGGCCG,1.406652e+06,291,1.7901038e+06,89
564,564,GAATTCATTTCTCCCGCTGCCCCATCTCTT,1.404187e+06,292,354405.9,671
652,652,TTTGTGCCGTACTTACGTCATCTTTTTCCT,1.40367e+06,293,1.0121763e+06,256
369,369,AGAGTGCAATGATGGGTCGTTTGATAATTT,1.399409e+06,294,1.8497954e+06,83
325,325,GGAAAAAAAAAAAGAATGGGTACGTCTGAG,1.397723e+06,295,1.123164e+06,226
763,763,TGATGCCTACCAAGTCACAGACCCTTTTCA,1.390295e+06,296,1.8769729e+06,78
32,32,AGAGAGAGAGAAAATGTCCTTTAGGCCGGT,1.389605e+06,297,1.4657438e+06,128
481,481,AGGGGCGGGCCCGCAGGCGTCCGTGTGGTC,1.38907e+06,298,370798.56,650
147,147,GGGTATTTGTTTTGATGCAAACCTCAATCC,1.381982e+06,299,533537.8,502
239,239,CATGGCGTGAGACAGGGAGGGAAAGAAGTG,1.379583e+06,300,912057.0,299
822,822,TCCCAGTCGATTCCCGACCCCACCTTTATT,1.37385e+06,301,1.384216e+06,151
864,864,ACCATTTTGCCTGTTGGAGAACTTCATATA,1.373641e+06,302,2.2440758e+06,50
247,247,GAGACAGGGAGGGAAAGAAGTGTGCAGAAG,1.373434e+06,303,941640.4,287
483,483,GGGCGGGCCCGCAGGCGTCCGTGTGGTCCT,1.371882e+06,304,148594.84,916
829,829,CGATTCCCGACCCCACCTTTATTTTGATCT,1.371033e+06,305,1.325896e+06,165
871,871,TGCCTGTTGGAGAACTTCATATAGAATGGA,1.368705e+06,306,1.7620488e+06,95
225,225,TAGGCGGACGCTACCATGGCGTGAGACAGG,1.356932e+06,307,246197.42,804
98,98,CCTGCATTTCTTTTTCTGGATTACTTAGTT,1.352878e+06,308,2.9345092e+06,17
618,618,GTTTCTTCCCATGCACCTGCCGCGTACCGG,1.352642e+06,309,807893.06,349
382,382,GGGTCGTTTGATAATTTGTCGGAAAAACAA,1.345873e+06,310,2.0367715e+06,68
724,724,AGTGCACAGGAAGATGAGTTTTGGCCCCTA,1.345823e+06,311,1.8736785e+06,79
874,874,CTGTTGGAGAACTTCATATAGAATGGAATC,1.341968e+06,312,724829.2,388
285,285,GGAGGTATTTTCAAGAATGAGTATATCTCA,1.326928e+06,313,1.7376491e+06,100
376,376,AATGATGGGTCGTTTGATAATTTGTCGGAA,1.325187e+06,314,1.0286736e+06,251
600,600,CGGTTGTTTCATTCCGCAGTTTCTTCCCAT,1.319345e+06,315,486046.1,537
537,537,GGTTCTTCCTGGTAGGAGGCGGAACTCGAA,1.308501e+06,316,201016.72,856
852,852,TTGATCTCCATAACCATTTTGCCTGTTGGA,1.30396e+06,317,1.4065022e+06,142
528,528,GCCCGAGCCGGTTCTTCCTGGTAGGAGGCG,1.296808e+06,318,202382.89,852
893,893,AGAATGGAATCAGGCTGGGCGCTGTGGCTC,1.294693e+06,319,289273.38,754
112,112,TCTGGATTACTTAGTTATGGCCTTTGCAAA,1.293582e+06,320,2.609546e+06,32
621,621,TCTTCCCATGCACCTGCCGCGTACCGGCCA,1.292925e+06,321,1.03939444e+06,248
863,863,AACCATTTTGCCTGTTGGAGAACTTCATAT,1.290814e+06,322,899857.1,307
532,532,GAGCCGGTTCTTCCTGGTAGGAGGCGGAAC,1.287474e+06,323,311802.66,725
741,741,GTTTTGGCCCCTAACCGCTCCGTGATGCCT,1.286946e+06,324,459780.4,561
828,828,TCGATTCCCGACCCCACCTTTATTTTGATC,1.282906e+06,325,601112.06,452
334,334,AAAAGAATGGGTACGTCTGAGAATCAAATT,1.280095e+06,326,500202.97,522
378,378,TGATGGGTCGTTTGATAATTTGTCGGAAAA,1.271792e+06,327,1.8169308e+06,87
446,446,CAGTTCCAGACGCAGGCTGAACGTCGTGAA,1.266065e+06,328,134081.97,935
520,520,GCCCTCCGGCCCGAGCCGGTTCTTCCTGGT,1.25933e+06,329,636982.06,432
82,82,AGGCTGCTATTCTCCGCCTGCATTTCTTTT,1.253938e+06,330,546569.2,493
351,351,TGAGAATCAAATTTTGAAAGAGTGCAATGA,1.250511e+06,331,1.1601131e+06,214
372,372,GTGCAATGATGGGTCGTTTGATAATTTGTC,1.241305e+06,332,1.1715399e+06,210
663,663,CTTACGTCATCTTTTTCCTAAATCGAGGTG,1.238966e+06,333,428902.0,592
646,646,GGCCACTTTGTGCCGTACTTACGTCATCTT,1.235752e+06,334,188858.86,875
851,851,TTTGATCTCCATAACCATTTTGCCTGTTGG,1.234016e+06,335,1.3663395e+06,155
283,283,CCGGAGGTATTTTCAAGAATGAGTATATCT,1.229501e+06,336,865927.25,329
319,319,CCCGGAGGAAAAAAAAAAAGAATGGGTACG,1.225692e+06,337,789285.2,359
567,567,TTCATTTCTCCCGCTGCCCCATCTCTTAGC,1.223368e+06,338,848120.9,335
344,344,GTACGTCTGAGAATCAAATTTTGAAAGAGT,1.218967e+06,339,757573.1,372
216,216,CCTGCAACCTAGGCGGACGCTACCATGGCG,1.212026e+06,340,594900.2,457
952,952,CGGATTACTTGAGGATAGGAGTTCCAGACC,1.211756e+06,341,1.2074791e+06,196
267,267,TGTGCAGAAGGCAAGCCCGGAGGTATTTTC,1.20778e+06,342,785858.3,360
315,315,TCTTCCCGGAGGAAAAAAAAAAAGAATGGG,1.204024e+06,343,472530.03,550
796,796,TCCCAGAAACGTTTCATCACGTCTCTTCCC,1.201706e+06,344,685610.1,407
365,365,TGAAAGAGTGCAATGATGGGTCGTTTGATA,1.199507e+06,345,1.0971512e+06,234
170,170,TCAATCCCTCCCCTTCTTTGAATGGTGTGC,1.19608e+06,346,1.6159286e+06,111
961,961,TGAGGATAGGAGTTCCAGACCAGCGTGGCC,1.193914e+06,347,378626.75,642
779,779,ACAGACCCTTTTCATCGTCCCAGAAACGTT,1.185812e+06,348,677074.56,411
665,665,TACGTCATCTTTTTCCTAAATCGAGGTGGC,1.176026e+06,349,339601.88,689
778,778,CACAGACCCTTTTCATCGTCCCAGAAACGT,1.17429e+06,350,875853.44,324
546,546,TGGTAGGAGGCGGAACTCGAATTCATTTCT,1.167747e+06,351,1.1275095e+06,225
816,816,GTCTCTTCCCAGTCGATTCCCGACCCCACC,1.165977e+06,352,632220.44,435
461,461,GCTGAACGTCGTGAAGCGGAAGGGGCGGGC,1.158992e+06,353,332008.47,698
499,499,GTCCGTGTGGTCCTCCGTGCAGCCCTCCGG,1.157997e+06,354,480203.25,544
817,817,TCTCTTCCCAGTCGATTCCCGACCCCACCT,1.154595e+06,355,575087.2,470
323,323,GAGGAAAAAAAAAAAGAATGGGTACGTCTG,1.151701e+06,356,1.7354756e+06,101
271,271,CAGAAGGCAAGCCCGGAGGTATTTTCAAGA,1.149718e+06,357,741884.9,379
277,277,GCAAGCCCGGAGGTATTTTCAAGAATGAGT,1.147177e+06,358,1.3989295e+06,143
245,245,GTGAGACAGGGAGGGAAAGAAGTGTGCAGA,1.14561e+06,359,893884.8,310
380,380,ATGGGTCGTTTGATAATTTGTCGGAAAAAC,1.141828e+06,360,1.045488e+06,247
603,603,TTGTTTCATTCCGCAGTTTCTTCCCATGCA,1.139119e+06,361,965186.06,277
545,545,CTGGTAGGAGGCGGAACTCGAATTCATTTC,1.137476e+06,362,917804.0,293
226,226,AGGCGGACGCTACCATGGCGTGAGACAGGG,1.132086e+06,363,487829.66,536
879,879,GGAGAACTTCATATAGAATGGAATCAGGCT,1.128978e+06,364,1.6858005e+06,104
678,678,TCCTAAATCGAGGTGGCATTTACACACAGC,1.123288e+06,365,428506.62,593
935,935,TGGGAGGCCGAGGCGGGCGGATTACTTGAG,1.121355e+06,366,564747.0,478
664,664,TTACGTCATCTTTTTCCTAAATCGAGGTGG,1.118552e+06,367,265693.7,786
593,593,TAGCTCGCGGTTGTTTCATTCCGCAGTTTC,1.118452e+06,368,330785.53,700
155,155,GTTTTGATGCAAACCTCAATCCCTCCCCTT,1.11223e+06,369,490413.84,534
607,607,TTCATTCCGCAGTTTCTTCCCATGCACCTG,1.112088e+06,370,1.4917762e+06,123
666,666,ACGTCATCTTTTTCCTAAATCGAGGTGGCA,1.109305e+06,371,679364.4,410
331,331,AAAAAAAGAATGGGTACGTCTGAGAATCAA,1.098232e+06,372,467755.78,555
858,858,TCCATAACCATTTTGCCTGTTGGAGAACTT,1.094175e+06,373,1.2721979e+06,182
398,398,TGTCGGAAAAACAATCTACCTGTTATCTAG,1.093399e+06,374,2.704969e+06,28
875,875,TGTTGGAGAACTTCATATAGAATGGAATCA,1.093291e+06,375,978270.5,269
933,933,TTTGGGAGGCCGAGGCGGGCGGATTACTTG,1.089154e+06,376,295438.5,744
456,456,CGCAGGCTGAACGTCGTGAAGCGGAAGGGG,1.0845e+06,377,743073.5,377
846,846,TTTATTTTGATCTCCATAACCATTTTGCCT,1.07809e+06,378,975025.7,272
278,278,CAAGCCCGGAGGTATTTTCAAGAATGAGTA,1.076473e+06,379,1.8975324e+06,75
265,265,AGTGTGCAGAAGGCAAGCCCGGAGGTATTT,1.076365e+06,380,987375.9,262
793,793,TCGTCCCAGAAACGTTTCATCACGTCTCTT,1.069496e+06,381,617767.25,444
136,136,TGCAAAGGCAGGGGTATTTGTTTTGATGCA,1.058425e+06,382,658030.3,419
361,361,ATTTTGAAAGAGTGCAATGATGGGTCGTTT,1.056136e+06,383,290820.47,750
795,795,GTCCCAGAAACGTTTCATCACGTCTCTTCC,1.053512e+06,384,483103.9,543
454,454,GACGCAGGCTGAACGTCGTGAAGCGGAAGG,1.049239e+06,385,256189.44,793
797,797,CCCAGAAACGTTTCATCACGTCTCTTCCCA,1.046725e+06,386,404597.53,618
149,149,GTATTTGTTTTGATGCAAACCTCAATCCCT,1.04499e+06,387,179592.5,885
543,543,TCCTGGTAGGAGGCGGAACTCGAATTCATT,1.043385e+06,388,272184.62,778
673,673,CTTTTTCCTAAATCGAGGTGGCATTTACAC,1.041737e+06,389,431479.03,587
677,677,TTCCTAAATCGAGGTGGCATTTACACACAG,1.037387e+06,390,840362.4,336
485,485,GCGGGCCCGCAGGCGTCCGTGTGGTCCTCC,1.03562e+06,391,336975.9,693
647,647,GCCACTTTGTGCCGTACTTACGTCATCTTT,1.03162e+06,392,237639.11,810
63,63,CCTCTTACTTGGCAGAGGGAGGCTGCTATT,1.014625e+06,393,76563.58,979
529,529,CCCGAGCCGGTTCTTCCTGGTAGGAGGCGG,1.013822e+06,394,546454.56,495
36,36,AGAGAGAAAATGTCCTTTAGGCCGGTTCCT,1.009979e+06,395,986967.25,264
399,399,GTCGGAAAAACAATCTACCTGTTATCTAGC,1.009727e+06,396,1.4109878e+06,140
224,224,CTAGGCGGACGCTACCATGGCGTGAGACAG,1.008219e+06,397,206559.81,847
364,364,TTGAAAGAGTGCAATGATGGGTCGTTTGAT,1.006843e+06,398,529694.25,504
491,491,CCGCAGGCGTCCGTGTGGTCCTCCGTGCAG,1.006425e+06,399,640848.75,429
354,354,GAATCAAATTTTGAAAGAGTGCAATGATGG,997690.0,400,268494.6,783
337,337,AGAATGGGTACGTCTGAGAATCAAATTTTG,997253.0,401,917080.75,294
547,547,GGTAGGAGGCGGAACTCGAATTCATTTCTC,994434.0,402,1.1096464e+06,229
482,482,GGGGCGGGCCCGCAGGCGTCCGTGTGGTCC,990756.0,403,357536.53,667
812,812,TCACGTCTCTTCCCAGTCGATTCCCGACCC,987835.0,404,913332.7,297
314,314,ATCTTCCCGGAGGAAAAAAAAAAAGAATGG,977408.0,405,483198.84,542
617,617,AGTTTCTTCCCATGCACCTGCCGCGTACCG,975794.0,406,1.0878479e+06,236
773,773,CAAGTCACAGACCCTTTTCATCGTCCCAGA,968767.0,407,395922.75,624
727,727,GCACAGGAAGATGAGTTTTGGCCCCTAACC,967132.0,408,1.4825946e+06,126
276,276,GGCAAGCCCGGAGGTATTTTCAAGAATGAG,964212.0,409,2.8931118e+06,18
205,205,CCCGCGGGTCGCCTGCAACCTAGGCGGACG,963259.0,410,383614.66,636
818,818,CTCTTCCCAGTCGATTCCCGACCCCACCTT,958925.0,411,895503.7,308
876,876,GTTGGAGAACTTCATATAGAATGGAATCAG,958723.0,412,607954.6,450
150,150,TATTTGTTTTGATGCAAACCTCAATCCCTC,955759.0,413,707661.2,396
318,318,TCCCGGAGGAAAAAAAAAAAGAATGGGTAC,955088.0,414,1.324127e+06,166
714,714,GCACACAGCAAGTGCACAGGAAGATGAGTT,954857.0,415,584688.25,463
861,861,ATAACCATTTTGCCTGTTGGAGAACTTCAT,949788.0,416,783490.8,362
682,682,AAATCGAGGTGGCATTTACACACAGCGCCA,949253.0,417,882108.1,319
133,133,CTTTGCAAAGGCAGGGGTATTTGTTTTGAT,948398.0,418,717534.2,393
248,248,AGACAGGGAGGGAAAGAAGTGTGCAGAAGG,947333.0,419,894602.5,309
135,135,TTGCAAAGGCAGGGGTATTTGTTTTGATGC,947014.0,420,629731.25,439
872,872,GCCTGTTGGAGAACTTCATATAGAATGGAA,946976.0,421,1.0075626e+06,258
731,731,AGGAAGATGAGTTTTGGCCCCTAACCGCTC,945612.0,422,1.105842e+06,231
798,798,CCAGAAACGTTTCATCACGTCTCTTCCCAG,945574.0,423,393331.3,625
488,488,GGCCCGCAGGCGTCCGTGTGGTCCTCCGTG,944777.0,424,443455.56,577
5,5,TCACTATTCACCCGATGAGAGGGGAGGAGA,938929.0,425,732238.6,384
936,936,GGGAGGCCGAGGCGGGCGGATTACTTGAGG,935629.0,426,484590.3,538
268,268,GTGCAGAAGGCAAGCCCGGAGGTATTTTCA,933050.0,427,631984.44,436
333,333,AAAAAGAATGGGTACGTCTGAGAATCAAAT,931085.0,428,1.3136516e+06,172
151,151,ATTTGTTTTGATGCAAACCTCAATCCCTCC,930756.0,429,400788.1,620
718,718,ACAGCAAGTGCACAGGAAGATGAGTTTTGG,929520.0,430,1.1840576e+06,205
1,1,CAGCTCACTATTCACCCGATGAGAGGGGAG,928824.0,431,451728.2,572
83,83,GGCTGCTATTCTCCGCCTGCATTTCTTTTT,925973.0,432,631695.1,437
868,868,TTTTGCCTGTTGGAGAACTTCATATAGAAT,918625.0,433,1.1559059e+06,215
390,390,TGATAATTTGTCGGAAAAACAATCTACCTG,917960.0,434,338668.03,692
110,110,TTTCTGGATTACTTAGTTATGGCCTTTGCA,916256.0,435,1.5545411e+06,118
866,866,CATTTTGCCTGTTGGAGAACTTCATATAGA,897077.0,436,468384.28,553
449,449,TTCCAGACGCAGGCTGAACGTCGTGAAGCG,896171.0,437,225776.73,828
657,657,GCCGTACTTACGTCATCTTTTTCCTAAATC,893840.0,438,373023.62,646
870,870,TTGCCTGTTGGAGAACTTCATATAGAATGG,893714.0,439,989081.56,261
814,814,ACGTCTCTTCCCAGTCGATTCCCGACCCCA,892317.0,440,614502.5,445
467,467,CGTCGTGAAGCGGAAGGGGCGGGCCCGCAG,889513.0,441,129690.984,940
29,29,AGGAGAGAGAGAGAAAATGTCCTTTAGGCC,889074.0,442,814845.2,347
873,873,CCTGTTGGAGAACTTCATATAGAATGGAAT,888456.0,443,854236.56,333
775,775,AGTCACAGACCCTTTTCATCGTCCCAGAAA,888250.0,444,342839.94,685
736,736,GATGAGTTTTGGCCCCTAACCGCTCCGTGA,884812.0,445,566094.8,476
457,457,GCAGGCTGAACGTCGTGAAGCGGAAGGGGC,884009.0,446,379337.47,640
642,642,TACCGGCCACTTTGTGCCGTACTTACGTCA,881993.0,447,425173.56,596
819,819,TCTTCCCAGTCGATTCCCGACCCCACCTTT,881471.0,448,1.1865472e+06,203
159,159,TGATGCAAACCTCAATCCCTCCCCTTCTTT,880315.0,449,1.1001742e+06,232
626,626,CCATGCACCTGCCGCGTACCGGCCACTTTG,879707.0,450,582237.25,466
811,811,ATCACGTCTCTTCCCAGTCGATTCCCGACC,878346.0,451,877870.44,322
367,367,AAAGAGTGCAATGATGGGTCGTTTGATAAT,876442.0,452,606240.25,451
35,35,GAGAGAGAAAATGTCCTTTAGGCCGGTTCC,875695.0,453,878539.6,321
689,689,GGTGGCATTTACACACAGCGCCAGTGCACA,875685.0,454,599615.75,453
627,627,CATGCACCTGCCGCGTACCGGCCACTTTGT,875670.0,455,768089.3,366
729,729,ACAGGAAGATGAGTTTTGGCCCCTAACCGC,873450.0,456,358490.94,663
385,385,TCGTTTGATAATTTGTCGGAAAAACAATCT,872886.0,457,367737.9,655
853,853,TGATCTCCATAACCATTTTGCCTGTTGGAG,869007.0,458,1.1691151e+06,211
317,317,TTCCCGGAGGAAAAAAAAAAAGAATGGGTA,865644.0,459,380487.06,638
939,939,AGGCCGAGGCGGGCGGATTACTTGAGGATA,864458.0,460,410333.3,610
792,792,ATCGTCCCAGAAACGTTTCATCACGTCTCT,863598.0,461,703776.1,399
884,884,ACTTCATATAGAATGGAATCAGGCTGGGCG,863333.0,462,251511.58,799
813,813,CACGTCTCTTCCCAGTCGATTCCCGACCCC,859574.0,463,628169.9,441
671,671,ATCTTTTTCCTAAATCGAGGTGGCATTTAC,857833.0,464,459053.03,564
519,519,AGCCCTCCGGCCCGAGCCGGTTCTTCCTGG,850158.0,465,974312.94,273
794,794,CGTCCCAGAAACGTTTCATCACGTCTCTTC,849462.0,466,718771.3,392
891,891,ATAGAATGGAATCAGGCTGGGCGCTGTGGC,845360.0,467,188910.08,873
353,353,AGAATCAAATTTTGAAAGAGTGCAATGATG,843232.0,468,587717.2,460
445,445,CCAGTTCCAGACGCAGGCTGAACGTCGTGA,832970.0,469,281814.66,766
720,720,AGCAAGTGCACAGGAAGATGAGTTTTGGCC,832351.0,470,1.1649442e+06,212
536,536,CGGTTCTTCCTGGTAGGAGGCGGAACTCGA,829332.0,471,254786.88,794
942,942,CCGAGGCGGGCGGATTACTTGAGGATAGGA,824371.0,472,689775.0,405
31,31,GAGAGAGAGAGAAAATGTCCTTTAGGCCGG,823942.0,473,1.3854614e+06,150
455,455,ACGCAGGCTGAACGTCGTGAAGCGGAAGGG,823897.0,474,430551.5,588
649,649,CACTTTGTGCCGTACTTACGTCATCTTTTT,817728.0,475,279923.66,771
33,33,GAGAGAGAGAAAATGTCCTTTAGGCCGGTT,816251.0,476,661098.6,417
427,427,GCTTTGGGCTAGGCCATTCCAGTTCCAGAC,812338.0,477,544484.8,499
648,648,CCACTTTGTGCCGTACTTACGTCATCTTTT,810262.0,478,233108.19,816
847,847,TTATTTTGATCTCCATAACCATTTTGCCTG,807487.0,479,744838.6,376
134,134,TTTGCAAAGGCAGGGGTATTTGTTTTGATG,807403.0,480,907215.06,302
447,447,AGTTCCAGACGCAGGCTGAACGTCGTGAAG,805649.0,481,156642.48,910
587,587,ATCTCTTAGCTCGCGGTTGTTTCATTCCGC,803615.0,482,339816.72,688
674,674,TTTTTCCTAAATCGAGGTGGCATTTACACA,803544.0,483,392469.38,627
737,737,ATGAGTTTTGGCCCCTAACCGCTCCGTGAT,801138.0,484,252020.77,798
881,881,AGAACTTCATATAGAATGGAATCAGGCTGG,799015.0,485,884423.0,317
240,240,ATGGCGTGAGACAGGGAGGGAAAGAAGTGT,795891.0,486,596873.44,456
509,509,TCCTCCGTGCAGCCCTCCGGCCCGAGCCGG,794448.0,487,767019.06,367
34,34,AGAGAGAGAAAATGTCCTTTAGGCCGGTTC,793391.0,488,1.1517595e+06,218
9,9,TATTCACCCGATGAGAGGGGAGGAGAGAGA,792260.0,489,727573.6,385
996,996,GGTGAATCCCCGTCTCTACTAAAAAATACA,790409.0,490,344410.94,682
620,620,TTCTTCCCATGCACCTGCCGCGTACCGGCC,789956.0,491,716568.94,394
266,266,GTGTGCAGAAGGCAAGCCCGGAGGTATTTT,787092.0,492,1.3660514e+06,156
2,2,AGCTCACTATTCACCCGATGAGAGGGGAGG,783425.0,493,585632.7,462
932,932,CTTTGGGAGGCCGAGGCGGGCGGATTACTT,782391.0,494,280224.1,769
815,815,CGTCTCTTCCCAGTCGATTCCCGACCCCAC,778931.0,495,833116.6,340
501,501,CCGTGTGGTCCTCCGTGCAGCCCTCCGGCC,776595.0,496,612853.75,447
269,269,TGCAGAAGGCAAGCCCGGAGGTATTTTCAA,772733.0,497,377668.5,644
997,997,GTGAATCCCCGTCTCTACTAAAAAATACAA,765863.0,498,471883.0,552
595,595,GCTCGCGGTTGTTTCATTCCGCAGTTTCTT,762099.0,499,361652.06,659
686,686,CGAGGTGGCATTTACACACAGCGCCAGTGC,760303.0,500,330536.84,702
180,180,CCCTTCTTTGAATGGTGTGCCCCACCCCGC,758977.0,501,566986.8,475
158,158,TTGATGCAAACCTCAATCCCTCCCCTTCTT,758538.0,502,747711.4,374
823,823,CCCAGTCGATTCCCGACCCCACCTTTATTT,758120.0,503,443098.3,578
698,698,TACACACAGCGCCAGTGCACACAGCAAGTG,755775.0,504,523567.5,509
59,59,GGTTCCTCTTACTTGGCAGAGGGAGGCTGC,754856.0,505,1.1558792e+06,216
339,339,AATGGGTACGTCTGAGAATCAAATTTTGAA,751931.0,506,3.2975822e+06,6
466,466,ACGTCGTGAAGCGGAAGGGGCGGGCCCGCA,749403.0,507,236650.2,811
26,26,GGGAGGAGAGAGAGAGAAAATGTCCTTTAG,748491.0,508,546482.2,494
732,732,GGAAGATGAGTTTTGGCCCCTAACCGCTCC,747592.0,509,553305.8,488
869,869,TTTGCCTGTTGGAGAACTTCATATAGAATG,747315.0,510,1.0179997e+06,255
530,530,CCGAGCCGGTTCTTCCTGGTAGGAGGCGGA,746046.0,511,501248.66,521
472,472,TGAAGCGGAAGGGGCGGGCCCGCAGGCGTC,743053.0,512,280488.22,768
263,263,GAAGTGTGCAGAAGGCAAGCCCGGAGGTAT,742932.0,513,766786.7,368
688,688,AGGTGGCATTTACACACAGCGCCAGTGCAC,742523.0,514,614089.75,446
895,895,AATGGAATCAGGCTGGGCGCTGTGGCTCAC,741095.0,515,176331.27,890
619,619,TTTCTTCCCATGCACCTGCCGCGTACCGGC,737625.0,516,501540.97,520
504,504,TGTGGTCCTCCGTGCAGCCCTCCGGCCCGA,735713.0,517,690788.3,404
594,594,AGCTCGCGGTTGTTTCATTCCGCAGTTTCT,734070.0,518,701556.5,401
335,335,AAAGAATGGGTACGTCTGAGAATCAAATTT,732017.0,519,274317.12,777
54,54,AGGCCGGTTCCTCTTACTTGGCAGAGGGAG,731452.0,520,1.5757172e+06,116
675,675,TTTTCCTAAATCGAGGTGGCATTTACACAC,730610.0,521,911855.75,300
152,152,TTTGTTTTGATGCAAACCTCAATCCCTCCC,730452.0,522,434145.9,584
49,49,CCTTTAGGCCGGTTCCTCTTACTTGGCAGA,729046.0,523,496786.03,527
336,336,AAGAATGGGTACGTCTGAGAATCAAATTTT,726078.0,524,199261.2,860
892,892,TAGAATGGAATCAGGCTGGGCGCTGTGGCT,720942.0,525,122272.94,948
752,752,TAACCGCTCCGTGATGCCTACCAAGTCACA,719976.0,526,1.6528978e+06,108
987,987,GGCCAACGTGGTGAATCCCCGTCTCTACTA,715441.0,527,201692.56,855
47,47,GTCCTTTAGGCCGGTTCCTCTTACTTGGCA,711025.0,528,434065.84,585
865,865,CCATTTTGCCTGTTGGAGAACTTCATATAG,708266.0,529,868942.56,326
463,463,TGAACGTCGTGAAGCGGAAGGGGCGGGCCC,707208.0,530,423947.6,597
730,730,CAGGAAGATGAGTTTTGGCCCCTAACCGCT,707004.0,531,421513.66,603
716,716,ACACAGCAAGTGCACAGGAAGATGAGTTTT,706403.0,532,683771.3,409
643,643,ACCGGCCACTTTGTGCCGTACTTACGTCAT,705046.0,533,284753.9,763
69,69,ACTTGGCAGAGGGAGGCTGCTATTCTCCGC,702517.0,534,652517.06,422
659,659,CGTACTTACGTCATCTTTTTCCTAAATCGA,700250.0,535,171046.52,897
27,27,GGAGGAGAGAGAGAGAAAATGTCCTTTAGG,699318.0,536,398640.72,622
274,274,AAGGCAAGCCCGGAGGTATTTTCAAGAATG,694331.0,537,653709.6,421
551,551,GGAGGCGGAACTCGAATTCATTTCTCCCGC,691404.0,538,199343.48,859
494,494,CAGGCGTCCGTGTGGTCCTCCGTGCAGCCC,690345.0,539,252890.02,796
883,883,AACTTCATATAGAATGGAATCAGGCTGGGC,689228.0,540,312814.9,723
368,368,AAGAGTGCAATGATGGGTCGTTTGATAATT,688621.0,541,947694.5,283
738,738,TGAGTTTTGGCCCCTAACCGCTCCGTGATG,685083.0,542,411755.38,608
521,521,CCCTCCGGCCCGAGCCGGTTCTTCCTGGTA,683974.0,543,726693.06,386
958,958,ACTTGAGGATAGGAGTTCCAGACCAGCGTG,683749.0,544,756945.44,373
699,699,ACACACAGCGCCAGTGCACACAGCAAGTGC,678625.0,545,571667.5,472
672,672,TCTTTTTCCTAAATCGAGGTGGCATTTACA,676766.0,546,1.2946676e+06,178
230,230,GGACGCTACCATGGCGTGAGACAGGGAGGG,676495.0,547,396632.84,623
287,287,AGGTATTTTCAAGAATGAGTATATCTCATC,669116.0,548,587790.75,459
691,691,TGGCATTTACACACAGCGCCAGTGCACACA,668689.0,549,868363.6,327
628,628,ATGCACCTGCCGCGTACCGGCCACTTTGTG,667271.0,550,800717.06,354
10,10,ATTCACCCGATGAGAGGGGAGGAGAGAGAG,665600.0,551,761738.5,370
448,448,GTTCCAGACGCAGGCTGAACGTCGTGAAGC,664558.0,552,144318.58,921
502,502,CGTGTGGTCCTCCGTGCAGCCCTCCGGCCC,664459.0,553,1.0544465e+06,244
389,389,TTGATAATTTGTCGGAAAAACAATCTACCT,662241.0,554,407566.06,614
270,270,GCAGAAGGCAAGCCCGGAGGTATTTTCAAG,661265.0,555,476877.9,546
517,517,GCAGCCCTCCGGCCCGAGCCGGTTCTTCCT,656881.0,556,493773.4,530
473,473,GAAGCGGAAGGGGCGGGCCCGCAGGCGTCC,654586.0,557,155915.81,912
357,357,TCAAATTTTGAAAGAGTGCAATGATGGGTC,654182.0,558,56663.145,996
462,462,CTGAACGTCGTGAAGCGGAAGGGGCGGGCC,654148.0,559,459076.22,563
355,355,AATCAAATTTTGAAAGAGTGCAATGATGGG,645736.0,560,166212.81,901
544,544,CCTGGTAGGAGGCGGAACTCGAATTCATTT,643891.0,561,188866.94,874
401,401,CGGAAAAACAATCTACCTGTTATCTAGCTT,637539.0,562,686338.44,406
984,984,CGTGGCCAACGTGGTGAATCCCCGTCTCTA,635535.0,563,919230.06,292
697,697,TTACACACAGCGCCAGTGCACACAGCAAGT,632773.0,564,976885.94,270
60,60,GTTCCTCTTACTTGGCAGAGGGAGGCTGCT,632723.0,565,230549.34,819
743,743,TTTGGCCCCTAACCGCTCCGTGATGCCTAC,632593.0,566,642654.0,427
138,138,CAAAGGCAGGGGTATTTGTTTTGATGCAAA,631825.0,567,365673.66,656
513,513,CCGTGCAGCCCTCCGGCCCGAGCCGGTTCT,631801.0,568,684660.75,408
857,857,CTCCATAACCATTTTGCCTGTTGGAGAACT,631463.0,569,353871.25,673
510,510,CCTCCGTGCAGCCCTCCGGCCCGAGCCGGT,631376.0,570,536897.4,500
679,679,CCTAAATCGAGGTGGCATTTACACACAGCG,631125.0,571,781852.94,363
538,538,GTTCTTCCTGGTAGGAGGCGGAACTCGAAT,630312.0,572,163729.38,905
479,479,GAAGGGGCGGGCCCGCAGGCGTCCGTGTGG,629982.0,573,304331.84,736
721,721,GCAAGTGCACAGGAAGATGAGTTTTGGCCC,628818.0,574,1.1489025e+06,220
820,820,CTTCCCAGTCGATTCCCGACCCCACCTTTA,628458.0,575,1.1807899e+06,207
25,25,GGGGAGGAGAGAGAGAGAAAATGTCCTTTA,628389.0,576,673515.6,413
3,3,GCTCACTATTCACCCGATGAGAGGGGAGGA,628266.0,577,382275.1,637
590,590,TCTTAGCTCGCGGTTGTTTCATTCCGCAGT,627170.0,578,527246.8,506
518,518,CAGCCCTCCGGCCCGAGCCGGTTCTTCCTG,625637.0,579,719295.56,391
898,898,GGAATCAGGCTGGGCGCTGTGGCTCACGCC,622012.0,580,287503.06,758
728,728,CACAGGAAGATGAGTTTTGGCCCCTAACCG,621384.0,581,1.3695536e+06,153
534,534,GCCGGTTCTTCCTGGTAGGAGGCGGAACTC,620704.0,582,409539.34,612
645,645,CGGCCACTTTGTGCCGTACTTACGTCATCT,618969.0,583,305279.28,734
286,286,GAGGTATTTTCAAGAATGAGTATATCTCAT,618655.0,584,830892.25,343
469,469,TCGTGAAGCGGAAGGGGCGGGCCCGCAGGC,617403.0,585,195102.44,863
789,789,TTCATCGTCCCAGAAACGTTTCATCACGTC,616475.0,586,468233.12,554
953,953,GGATTACTTGAGGATAGGAGTTCCAGACCA,615725.0,587,446380.22,576
687,687,GAGGTGGCATTTACACACAGCGCCAGTGCA,613475.0,588,499943.8,523
440,440,CCATTCCAGTTCCAGACGCAGGCTGAACGT,612912.0,589,348030.94,678
260,260,AAAGAAGTGTGCAGAAGGCAAGCCCGGAGG,612173.0,590,484319.06,540
859,859,CCATAACCATTTTGCCTGTTGGAGAACTTC,611276.0,591,612787.1,448
805,805,CGTTTCATCACGTCTCTTCCCAGTCGATTC,610648.0,592,175553.72,892
882,882,GAACTTCATATAGAATGGAATCAGGCTGGG,609634.0,593,507128.12,517
400,400,TCGGAAAAACAATCTACCTGTTATCTAGCT,608421.0,594,1.8532148e+06,81
542,542,TTCCTGGTAGGAGGCGGAACTCGAATTCAT,607672.0,595,151763.27,913
48,48,TCCTTTAGGCCGGTTCCTCTTACTTGGCAG,604951.0,596,460099.56,559
801,801,GAAACGTTTCATCACGTCTCTTCCCAGTCG,596314.0,597,190974.69,871
195,195,TGTGCCCCACCCCGCGGGTCGCCTGCAACC,595756.0,598,265716.16,785
641,641,GTACCGGCCACTTTGTGCCGTACTTACGTC,594453.0,599,225171.69,829
860,860,CATAACCATTTTGCCTGTTGGAGAACTTCA,594387.0,600,478470.7,545
458,458,CAGGCTGAACGTCGTGAAGCGGAAGGGGCG,592416.0,601,492170.72,531
988,988,GCCAACGTGGTGAATCCCCGTCTCTACTAA,589808.0,602,574011.0,471
681,681,TAAATCGAGGTGGCATTTACACACAGCGCC,588273.0,603,761949.25,369
715,715,CACACAGCAAGTGCACAGGAAGATGAGTTT,587019.0,604,262051.1,788
573,573,TCTCCCGCTGCCCCATCTCTTAGCTCGCGG,584750.0,605,501871.47,519
995,995,TGGTGAATCCCCGTCTCTACTAAAAAATAC,578929.0,606,353119.47,675
373,373,TGCAATGATGGGTCGTTTGATAATTTGTCG,577687.0,607,1.02712406e+06,252
484,484,GGCGGGCCCGCAGGCGTCCGTGTGGTCCTC,576317.0,608,429868.47,589
153,153,TTGTTTTGATGCAAACCTCAATCCCTCCCC,575924.0,609,192216.67,868
397,397,TTGTCGGAAAAACAATCTACCTGTTATCTA,572824.0,610,1.3626764e+06,157
53,53,TAGGCCGGTTCCTCTTACTTGGCAGAGGGA,572446.0,611,1.354508e+06,160
514,514,CGTGCAGCCCTCCGGCCCGAGCCGGTTCTT,571042.0,612,491686.25,532
774,774,AAGTCACAGACCCTTTTCATCGTCCCAGAA,570805.0,613,342878.72,684
555,555,GCGGAACTCGAATTCATTTCTCCCGCTGCC,570667.0,614,191951.78,869
156,156,TTTTGATGCAAACCTCAATCCCTCCCCTTC,569166.0,615,385668.0,632
11,11,TTCACCCGATGAGAGGGGAGGAGAGAGAGA,565522.0,616,563899.4,479
52,52,TTAGGCCGGTTCCTCTTACTTGGCAGAGGG,564077.0,617,334347.84,694
563,563,CGAATTCATTTCTCCCGCTGCCCCATCTCT,563424.0,618,163366.81,906
227,227,GGCGGACGCTACCATGGCGTGAGACAGGGA,563170.0,619,216124.45,835
43,43,AAATGTCCTTTAGGCCGGTTCCTCTTACTT,562241.0,620,392729.75,626
465,465,AACGTCGTGAAGCGGAAGGGGCGGGCCCGC,560692.0,621,175983.31,891
629,629,TGCACCTGCCGCGTACCGGCCACTTTGTGC,559336.0,622,545599.7,497
169,169,CTCAATCCCTCCCCTTCTTTGAATGGTGTG,559310.0,623,647980.7,424
596,596,CTCGCGGTTGTTTCATTCCGCAGTTTCTTC,556283.0,624,458839.38,565
527,527,GGCCCGAGCCGGTTCTTCCTGGTAGGAGGC,555511.0,625,389013.25,631
442,442,ATTCCAGTTCCAGACGCAGGCTGAACGTCG,554287.0,626,449859.25,574
889,889,ATATAGAATGGAATCAGGCTGGGCGCTGTG,554179.0,627,215755.06,836
366,366,GAAAGAGTGCAATGATGGGTCGTTTGATAA,550094.0,628,413329.84,606
415,415,ACCTGTTATCTAGCTTTGGGCTAGGCCATT,548737.0,629,945246.2,284
980,980,CCAGCGTGGCCAACGTGGTGAATCCCCGTC,547895.0,630,746397.4,375
880,880,GAGAACTTCATATAGAATGGAATCAGGCTG,547463.0,631,1.2504626e+06,189
352,352,GAGAATCAAATTTTGAAAGAGTGCAATGAT,546749.0,632,421850.72,602
719,719,CAGCAAGTGCACAGGAAGATGAGTTTTGGC,545573.0,633,439886.94,580
42,42,AAAATGTCCTTTAGGCCGGTTCCTCTTACT,544136.0,634,229925.95,821
452,452,CAGACGCAGGCTGAACGTCGTGAAGCGGAA,539527.0,635,187534.97,877
356,356,ATCAAATTTTGAAAGAGTGCAATGATGGGT,537746.0,636,68030.414,985
897,897,TGGAATCAGGCTGGGCGCTGTGGCTCACGC,537440.0,637,256218.14,792
938,938,GAGGCCGAGGCGGGCGGATTACTTGAGGAT,533745.0,638,250827.67,800
985,985,GTGGCCAACGTGGTGAATCCCCGTCTCTAC,532958.0,639,966849.1,276
615,615,GCAGTTTCTTCCCATGCACCTGCCGCGTAC,532830.0,640,791855.4,356
637,637,CCGCGTACCGGCCACTTTGTGCCGTACTTA,532142.0,641,323523.5,711
256,256,AGGGAAAGAAGTGTGCAGAAGGCAAGCCCG,531041.0,642,370069.3,651
578,578,CGCTGCCCCATCTCTTAGCTCGCGGTTGTT,530761.0,643,247530.97,802
259,259,GAAAGAAGTGTGCAGAAGGCAAGCCCGGAG,530509.0,644,741949.25,378
635,635,TGCCGCGTACCGGCCACTTTGTGCCGTACT,529517.0,645,312383.8,724
658,658,CCGTACTTACGTCATCTTTTTCCTAAATCG,526665.0,646,320165.78,716
304,304,AGTATATCTCATCTTCCCGGAGGAAAAAAA,526089.0,647,310639.8,728
4,4,CTCACTATTCACCCGATGAGAGGGGAGGAG,524820.0,648,674402.1,412
51,51,TTTAGGCCGGTTCCTCTTACTTGGCAGAGG,523641.0,649,554743.8,486
194,194,GTGTGCCCCACCCCGCGGGTCGCCTGCAAC,522122.0,650,364976.9,657
941,941,GCCGAGGCGGGCGGATTACTTGAGGATAGG,519955.0,651,438853.12,581
464,464,GAACGTCGTGAAGCGGAAGGGGCGGGCCCG,516850.0,652,226814.81,826
236,236,TACCATGGCGTGAGACAGGGAGGGAAAGAA,510252.0,653,235909.03,814
404,404,AAAAACAATCTACCTGTTATCTAGCTTTGG,507110.0,654,309197.03,730
804,804,ACGTTTCATCACGTCTCTTCCCAGTCGATT,506953.0,655,90100.195,971
928,928,TGCACTTTGGGAGGCCGAGGCGGGCGGATT,504385.0,656,338981.25,691
526,526,CGGCCCGAGCCGGTTCTTCCTGGTAGGAGG,504358.0,657,338987.22,690
148,148,GGTATTTGTTTTGATGCAAACCTCAATCCC,503585.0,658,333570.12,695
760,760,CCGTGATGCCTACCAAGTCACAGACCCTTT,500117.0,659,650214.25,423
512,512,TCCGTGCAGCCCTCCGGCCCGAGCCGGTTC,499027.0,660,377643.62,645
788,788,TTTCATCGTCCCAGAAACGTTTCATCACGT,496920.0,661,206561.86,846
215,215,GCCTGCAACCTAGGCGGACGCTACCATGGC,496163.0,662,293675.9,746
912,912,CGCTGTGGCTCACGCCTGCACTTTGGGAGG,494240.0,663,329366.34,704
644,644,CCGGCCACTTTGTGCCGTACTTACGTCATC,493698.0,664,319771.97,717
437,437,AGGCCATTCCAGTTCCAGACGCAGGCTGAA,491453.0,665,628866.9,440
495,495,AGGCGTCCGTGTGGTCCTCCGTGCAGCCCT,486288.0,666,310668.12,727
503,503,GTGTGGTCCTCCGTGCAGCCCTCCGGCCCG,485964.0,667,836981.1,338
993,993,CGTGGTGAATCCCCGTCTCTACTAAAAAAT,484401.0,668,167029.84,898
588,588,TCTCTTAGCTCGCGGTTGTTTCATTCCGCA,484159.0,669,369972.22,652
396,396,TTTGTCGGAAAAACAATCTACCTGTTATCT,483438.0,670,582912.75,464
181,181,CCTTCTTTGAATGGTGTGCCCCACCCCGCG,483110.0,671,525748.44,508
911,911,GCGCTGTGGCTCACGCCTGCACTTTGGGAG,482357.0,672,311617.84,726
433,433,GGCTAGGCCATTCCAGTTCCAGACGCAGGC,480978.0,673,332809.22,696
981,981,CAGCGTGGCCAACGTGGTGAATCCCCGTCT,479099.0,674,290364.53,752
539,539,TTCTTCCTGGTAGGAGGCGGAACTCGAATT,478484.0,675,367911.97,654
553,553,AGGCGGAACTCGAATTCATTTCTCCCGCTG,477430.0,676,321375.9,713
237,237,ACCATGGCGTGAGACAGGGAGGGAAAGAAG,477419.0,677,405399.72,617
419,419,GTTATCTAGCTTTGGGCTAGGCCATTCCAG,476272.0,678,146946.61,918
480,480,AAGGGGCGGGCCCGCAGGCGTCCGTGTGGT,474338.0,679,379584.53,639
954,954,GATTACTTGAGGATAGGAGTTCCAGACCAG,473499.0,680,576950.4,469
515,515,GTGCAGCCCTCCGGCCCGAGCCGGTTCTTC,471215.0,681,452211.53,571
557,557,GGAACTCGAATTCATTTCTCCCGCTGCCCC,469391.0,682,182203.1,881
430,430,TTGGGCTAGGCCATTCCAGTTCCAGACGCA,467009.0,683,283719.97,764
15,15,CCCGATGAGAGGGGAGGAGAGAGAGAGAAA,465414.0,684,580988.2,467
374,374,GCAATGATGGGTCGTTTGATAATTTGTCGG,465149.0,685,823030.2,345
966,966,ATAGGAGTTCCAGACCAGCGTGGCCAACGT,462796.0,686,132869.27,937
957,957,TACTTGAGGATAGGAGTTCCAGACCAGCGT,461685.0,687,972705.4,274
8,8,CTATTCACCCGATGAGAGGGGAGGAGAGAG,461526.0,688,587438.5,461
670,670,CATCTTTTTCCTAAATCGAGGTGGCATTTA,460270.0,689,422243.66,601
478,478,GGAAGGGGCGGGCCCGCAGGCGTCCGTGTG,460024.0,690,313744.28,721
24,24,AGGGGAGGAGAGAGAGAGAAAATGTCCTTT,458712.0,691,757603.06,371
359,359,AAATTTTGAAAGAGTGCAATGATGGGTCGT,458010.0,692,213134.53,839
450,450,TCCAGACGCAGGCTGAACGTCGTGAAGCGG,457795.0,693,128034.49,943
577,577,CCGCTGCCCCATCTCTTAGCTCGCGGTTGT,457255.0,694,230633.39,818
113,113,CTGGATTACTTAGTTATGGCCTTTGCAAAG,456974.0,695,1.39822e+06,145
204,204,CCCCGCGGGTCGCCTGCAACCTAGGCGGAC,456025.0,696,426472.38,594
516,516,TGCAGCCCTCCGGCCCGAGCCGGTTCTTCC,450280.0,697,476482.22,547
417,417,CTGTTATCTAGCTTTGGGCTAGGCCATTCC,450104.0,698,459985.4,560
434,434,GCTAGGCCATTCCAGTTCCAGACGCAGGCT,448018.0,699,528887.06,505
453,453,AGACGCAGGCTGAACGTCGTGAAGCGGAAG,447620.0,700,326002.75,709
14,14,ACCCGATGAGAGGGGAGGAGAGAGAGAGAA,447091.0,701,454521.72,569
28,28,GAGGAGAGAGAGAGAAAATGTCCTTTAGGC,444874.0,702,437538.72,583
787,787,TTTTCATCGTCCCAGAAACGTTTCATCACG,443192.0,703,307286.9,732
394,394,AATTTGTCGGAAAAACAATCTACCTGTTAT,442441.0,704,497800.5,526
930,930,CACTTTGGGAGGCCGAGGCGGGCGGATTAC,441416.0,705,166912.88,899
305,305,GTATATCTCATCTTCCCGGAGGAAAAAAAA,440894.0,706,211078.64,843
258,258,GGAAAGAAGTGTGCAGAAGGCAAGCCCGGA,438020.0,707,1.6188268e+06,110
387,387,GTTTGATAATTTGTCGGAAAAACAATCTAC,437525.0,708,546324.4,496
360,360,AATTTTGAAAGAGTGCAATGATGGGTCGTT,435713.0,709,181217.11,883
614,614,CGCAGTTTCTTCCCATGCACCTGCCGCGTA,431923.0,710,774773.8,364
927,927,CTGCACTTTGGGAGGCCGAGGCGGGCGGAT,430265.0,711,173702.36,894
638,638,CGCGTACCGGCCACTTTGTGCCGTACTTAC,428421.0,712,360190.6,661
994,994,GTGGTGAATCCCCGTCTCTACTAAAAAATA,427455.0,713,206471.84,848
680,680,CTAAATCGAGGTGGCATTTACACACAGCGC,427260.0,714,410136.03,611
416,416,CCTGTTATCTAGCTTTGGGCTAGGCCATTC,426441.0,715,644717.7,426
964,964,GGATAGGAGTTCCAGACCAGCGTGGCCAAC,426061.0,716,332576.53,697
64,64,CTCTTACTTGGCAGAGGGAGGCTGCTATTC,423975.0,717,316809.2,718
735,735,AGATGAGTTTTGGCCCCTAACCGCTCCGTG,422158.0,718,313875.22,720
983,983,GCGTGGCCAACGTGGTGAATCCCCGTCTCT,421968.0,719,533224.5,503
967,967,TAGGAGTTCCAGACCAGCGTGGCCAACGTG,421619.0,720,484451.47,539
218,218,TGCAACCTAGGCGGACGCTACCATGGCGTG,420415.0,721,359418.7,662
631,631,CACCTGCCGCGTACCGGCCACTTTGTGCCG,418970.0,722,1.1458815e+06,221
887,887,TCATATAGAATGGAATCAGGCTGGGCGCTG,418809.0,723,141138.14,927
968,968,AGGAGTTCCAGACCAGCGTGGCCAACGTGG,416983.0,724,231969.72,817
238,238,CCATGGCGTGAGACAGGGAGGGAAAGAAGT,416903.0,725,495471.6,528
137,137,GCAAAGGCAGGGGTATTTGTTTTGATGCAA,416806.0,726,320218.16,715
802,802,AAACGTTTCATCACGTCTCTTCCCAGTCGA,416245.0,727,127070.69,944
540,540,TCTTCCTGGTAGGAGGCGGAACTCGAATTC,415224.0,728,354387.22,672
154,154,TGTTTTGATGCAAACCTCAATCCCTCCCCT,414606.0,729,342173.56,686
574,574,CTCCCGCTGCCCCATCTCTTAGCTCGCGGT,413391.0,730,323354.8,712
196,196,GTGCCCCACCCCGCGGGTCGCCTGCAACCT,413041.0,731,673313.8,414
690,690,GTGGCATTTACACACAGCGCCAGTGCACAC,411606.0,732,556875.44,484
332,332,AAAAAAGAATGGGTACGTCTGAGAATCAAA,410626.0,733,265672.12,787
956,956,TTACTTGAGGATAGGAGTTCCAGACCAGCG,410596.0,734,247910.12,801
185,185,CTTTGAATGGTGTGCCCCACCCCGCGGGTC,410557.0,735,498067.3,525
184,184,TCTTTGAATGGTGTGCCCCACCCCGCGGGT,405644.0,736,550947.6,490
405,405,AAAACAATCTACCTGTTATCTAGCTTTGGG,402744.0,737,215690.4,837
636,636,GCCGCGTACCGGCCACTTTGTGCCGTACTT,402744.0,737,646032.8,425
825,825,CAGTCGATTCCCGACCCCACCTTTATTTTG,399394.0,739,555320.3,485
734,734,AAGATGAGTTTTGGCCCCTAACCGCTCCGT,397619.0,740,563413.56,481
505,505,GTGGTCCTCCGTGCAGCCCTCCGGCCCGAG,396120.0,741,598520.6,454
393,393,TAATTTGTCGGAAAAACAATCTACCTGTTA,394690.0,742,142467.6,924
436,436,TAGGCCATTCCAGTTCCAGACGCAGGCTGA,394125.0,743,549105.1,492
234,234,GCTACCATGGCGTGAGACAGGGAGGGAAAG,393294.0,744,385293.84,633
824,824,CCAGTCGATTCCCGACCCCACCTTTATTTT,388602.0,745,545551.75,498
575,575,TCCCGCTGCCCCATCTCTTAGCTCGCGGTT,387903.0,746,188682.06,876
965,965,GATAGGAGTTCCAGACCAGCGTGGCCAACG,387415.0,747,253262.92,795
761,761,CGTGATGCCTACCAAGTCACAGACCCTTTT,387378.0,748,347523.47,679
432,432,GGGCTAGGCCATTCCAGTTCCAGACGCAGG,387197.0,749,162912.75,907
827,827,GTCGATTCCCGACCCCACCTTTATTTTGAT,387168.0,750,422870.0,599
552,552,GAGGCGGAACTCGAATTCATTTCTCCCGCT,384741.0,751,353365.34,674
12,12,TCACCCGATGAGAGGGGAGGAGAGAGAGAG,383270.0,752,902988.6,305
733,733,GAAGATGAGTTTTGGCCCCTAACCGCTCCG,383176.0,753,401439.47,619
37,37,GAGAGAAAATGTCCTTTAGGCCGGTTCCTC,378125.0,754,507937.25,516
471,471,GTGAAGCGGAAGGGGCGGGCCCGCAGGCGT,373844.0,755,378568.56,643
937,937,GGAGGCCGAGGCGGGCGGATTACTTGAGGA,372325.0,756,182302.75,880
929,929,GCACTTTGGGAGGCCGAGGCGGGCGGATTA,371691.0,757,117555.74,953
931,931,ACTTTGGGAGGCCGAGGCGGGCGGATTACT,371680.0,758,240951.64,807
388,388,TTTGATAATTTGTCGGAAAAACAATCTACC,365842.0,759,416497.3,605
68,68,TACTTGGCAGAGGGAGGCTGCTATTCTCCG,364782.0,760,428954.75,591
70,70,CTTGGCAGAGGGAGGCTGCTATTCTCCGCC,362998.0,761,118131.77,951
375,375,CAATGATGGGTCGTTTGATAATTTGTCGGA,362770.0,762,1.0763046e+06,239
916,916,GTGGCTCACGCCTGCACTTTGGGAGGCCGA,360667.0,763,313377.97,722
428,428,CTTTGGGCTAGGCCATTCCAGTTCCAGACG,358293.0,764,870862.4,325
288,288,GGTATTTTCAAGAATGAGTATATCTCATCT,355267.0,765,371445.22,648
531,531,CGAGCCGGTTCTTCCTGGTAGGAGGCGGAA,354747.0,766,735572.2,382
408,408,ACAATCTACCTGTTATCTAGCTTTGGGCTA,354313.0,767,876540.4,323
630,630,GCACCTGCCGCGTACCGGCCACTTTGTGCC,350746.0,768,433351.53,586
632,632,ACCTGCCGCGTACCGGCCACTTTGTGCCGT,348920.0,769,407182.3,615
913,913,GCTGTGGCTCACGCCTGCACTTTGGGAGGC,347913.0,770,392373.75,628
233,233,CGCTACCATGGCGTGAGACAGGGAGGGAAA,346821.0,771,217133.89,833
511,511,CTCCGTGCAGCCCTCCGGCCCGAGCCGGTT,346366.0,772,212407.98,842
261,261,AAGAAGTGTGCAGAAGGCAAGCCCGGAGGT,344997.0,773,811112.3,348
492,492,CGCAGGCGTCCGTGTGGTCCTCCGTGCAGC,343159.0,774,290493.03,751
264,264,AAGTGTGCAGAAGGCAAGCCCGGAGGTATT,342291.0,775,510363.44,515
701,701,ACACAGCGCCAGTGCACACAGCAAGTGCAC,342228.0,776,840340.25,337
62,62,TCCTCTTACTTGGCAGAGGGAGGCTGCTAT,341882.0,777,117295.82,954
591,591,CTTAGCTCGCGGTTGTTTCATTCCGCAGTT,341597.0,778,328249.0,706
418,418,TGTTATCTAGCTTTGGGCTAGGCCATTCCA,339760.0,779,278704.62,773
896,896,ATGGAATCAGGCTGGGCGCTGTGGCTCACG,339599.0,780,189507.75,872
13,13,CACCCGATGAGAGGGGAGGAGAGAGAGAGA,336068.0,781,659661.5,418
58,58,CGGTTCCTCTTACTTGGCAGAGGGAGGCTG,333133.0,782,1.8365804e+06,85
639,639,GCGTACCGGCCACTTTGTGCCGTACTTACG,326466.0,783,164445.14,903
262,262,AGAAGTGTGCAGAAGGCAAGCCCGGAGGTA,325589.0,784,513211.22,512
800,800,AGAAACGTTTCATCACGTCTCTTCCCAGTC,325221.0,785,265762.56,784
982,982,AGCGTGGCCAACGTGGTGAATCCCCGTCTC,324519.0,786,277265.53,776
940,940,GGCCGAGGCGGGCGGATTACTTGAGGATAG,323753.0,787,230513.9,820
200,200,CCCACCCCGCGGGTCGCCTGCAACCTAGGC,322954.0,788,631519.7,438
576,576,CCCGCTGCCCCATCTCTTAGCTCGCGGTTG,321351.0,789,202191.0,853
803,803,AACGTTTCATCACGTCTCTTCCCAGTCGAT,319108.0,790,110363.68,959
395,395,ATTTGTCGGAAAAACAATCTACCTGTTATC,318489.0,791,145522.78,919
391,391,GATAATTTGTCGGAAAAACAATCTACCTGT,313873.0,792,411728.72,609
65,65,TCTTACTTGGCAGAGGGAGGCTGCTATTCT,310204.0,793,1.1813631e+06,206
888,888,CATATAGAATGGAATCAGGCTGGGCGCTGT,309747.0,794,141462.08,925
212,212,GTCGCCTGCAACCTAGGCGGACGCTACCAT,308261.0,795,307083.88,733
6,6,CACTATTCACCCGATGAGAGGGGAGGAGAG,305872.0,796,446697.44,575
963,963,AGGATAGGAGTTCCAGACCAGCGTGGCCAA,305545.0,797,177739.52,887
493,493,GCAGGCGTCCGTGTGGTCCTCCGTGCAGCC,300317.0,798,162274.36,908
40,40,AGAAAATGTCCTTTAGGCCGGTTCCTCTTA,300104.0,799,297243.66,742
77,77,GAGGGAGGCTGCTATTCTCCGCCTGCATTT,298418.0,800,60294.77,994
358,358,CAAATTTTGAAAGAGTGCAATGATGGGTCG,297033.0,801,282023.6,765
439,439,GCCATTCCAGTTCCAGACGCAGGCTGAACG,295606.0,802,568545.9,474
231,231,GACGCTACCATGGCGTGAGACAGGGAGGGA,294853.0,803,107050.62,963
438,438,GGCCATTCCAGTTCCAGACGCAGGCTGAAC,294461.0,804,313976.56,719
124,124,AGTTATGGCCTTTGCAAAGGCAGGGGTATT,291850.0,805,347086.88,680
962,962,GAGGATAGGAGTTCCAGACCAGCGTGGCCA,291586.0,806,327814.28,708
740,740,AGTTTTGGCCCCTAACCGCTCCGTGATGCC,291551.0,807,144708.9,920
979,979,ACCAGCGTGGCCAACGTGGTGAATCCCCGT,290585.0,808,330563.7,701
235,235,CTACCATGGCGTGAGACAGGGAGGGAAAGA,290164.0,809,293318.88,747
597,597,TCGCGGTTGTTTCATTCCGCAGTTTCTTCC,289896.0,810,422337.3,600
848,848,TATTTTGATCTCCATAACCATTTTGCCTGT,289739.0,811,972600.75,275
470,470,CGTGAAGCGGAAGGGGCGGGCCCGCAGGCG,289286.0,812,304641.1,735
899,899,GAATCAGGCTGGGCGCTGTGGCTCACGCCT,289111.0,813,108353.51,961
431,431,TGGGCTAGGCCATTCCAGTTCCAGACGCAG,287768.0,814,459558.34,562
700,700,CACACAGCGCCAGTGCACACAGCAAGTGCA,287513.0,815,785503.75,361
955,955,ATTACTTGAGGATAGGAGTTCCAGACCAGC,286717.0,816,343656.62,683
38,38,AGAGAAAATGTCCTTTAGGCCGGTTCCTCT,286604.0,817,328224.12,707
598,598,CGCGGTTGTTTCATTCCGCAGTTTCTTCCC,283095.0,818,300857.7,739
886,886,TTCATATAGAATGGAATCAGGCTGGGCGCT,283060.0,819,132589.31,938
589,589,CTCTTAGCTCGCGGTTGTTTCATTCCGCAG,282567.0,820,200934.42,857
414,414,TACCTGTTATCTAGCTTTGGGCTAGGCCAT,281997.0,821,1.2824694e+06,179
402,402,GGAAAAACAATCTACCTGTTATCTAGCTTT,280998.0,822,290140.16,753
56,56,GCCGGTTCCTCTTACTTGGCAGAGGGAGGC,280734.0,823,884095.8,318
114,114,TGGATTACTTAGTTATGGCCTTTGCAAAGG,278107.0,824,725606.4,387
992,992,ACGTGGTGAATCCCCGTCTCTACTAAAAAA,275742.0,825,139345.22,929
128,128,ATGGCCTTTGCAAAGGCAGGGGTATTTGTT,274212.0,826,297338.97,741
39,39,GAGAAAATGTCCTTTAGGCCGGTTCCTCTT,269686.0,827,136257.31,933
762,762,GTGATGCCTACCAAGTCACAGACCCTTTTC,268198.0,828,733725.9,383
75,75,CAGAGGGAGGCTGCTATTCTCCGCCTGCAT,267751.0,829,378922.03,641
61,61,TTCCTCTTACTTGGCAGAGGGAGGCTGCTA,266756.0,830,165937.84,902
41,41,GAAAATGTCCTTTAGGCCGGTTCCTCTTAC,266506.0,831,205829.47,849
496,496,GGCGTCCGTGTGGTCCTCCGTGCAGCCCTC,265525.0,832,834072.1,339
66,66,CTTACTTGGCAGAGGGAGGCTGCTATTCTC,264114.0,833,591923.94,458
217,217,CTGCAACCTAGGCGGACGCTACCATGGCGT,262853.0,834,499064.12,524
917,917,TGGCTCACGCCTGCACTTTGGGAGGCCGAG,260463.0,835,472031.72,551
290,290,TATTTTCAAGAATGAGTATATCTCATCTTC,259097.0,836,109460.65,960
125,125,GTTATGGCCTTTGCAAAGGCAGGGGTATTT,256499.0,837,491250.25,533
232,232,ACGCTACCATGGCGTGAGACAGGGAGGGAA,255168.0,838,122589.234,947
441,441,CATTCCAGTTCCAGACGCAGGCTGAACGTC,252116.0,839,553545.2,487
989,989,CCAACGTGGTGAATCCCCGTCTCTACTAAA,249152.0,840,597456.3,455
7,7,ACTATTCACCCGATGAGAGGGGAGGAGAGA,248752.0,841,187003.66,878
57,57,CCGGTTCCTCTTACTTGGCAGAGGGAGGCT,248193.0,842,1.2490451e+06,191
592,592,TTAGCTCGCGGTTGTTTCATTCCGCAGTTT,248067.0,843,260135.86,789
435,435,CTAGGCCATTCCAGTTCCAGACGCAGGCTG,243375.0,844,355969.72,668
826,826,AGTCGATTCCCGACCCCACCTTTATTTTGA,242491.0,845,355802.88,670
921,921,TCACGCCTGCACTTTGGGAGGCCGAGGCGG,241019.0,846,203070.23,851
409,409,CAATCTACCTGTTATCTAGCTTTGGGCTAG,241015.0,847,352032.44,676
72,72,TGGCAGAGGGAGGCTGCTATTCTCCGCCTG,239450.0,848,302358.8,738
739,739,GAGTTTTGGCCCCTAACCGCTCCGTGATGC,235713.0,849,291967.12,749
403,403,GAAAAACAATCTACCTGTTATCTAGCTTTG,235027.0,850,288654.72,755
885,885,CTTCATATAGAATGGAATCAGGCTGGGCGC,234052.0,851,65824.78,988
477,477,CGGAAGGGGCGGGCCCGCAGGCGTCCGTGT,232830.0,852,160998.89,909
429,429,TTTGGGCTAGGCCATTCCAGTTCCAGACGC,232586.0,853,408761.28,613
123,123,TAGTTATGGCCTTTGCAAAGGCAGGGGTAT,229562.0,854,654871.25,420
406,406,AAACAATCTACCTGTTATCTAGCTTTGGGC,227045.0,855,82575.83,975
990,990,CAACGTGGTGAATCCCCGTCTCTACTAAAA,225656.0,856,84820.28,974
640,640,CGTACCGGCCACTTTGTGCCGTACTTACGT,224571.0,857,141432.88,926
316,316,CTTCCCGGAGGAAAAAAAAAAAGAATGGGT,223530.0,858,238090.4,809
425,425,TAGCTTTGGGCTAGGCCATTCCAGTTCCAG,223318.0,859,194394.67,865
914,914,CTGTGGCTCACGCCTGCACTTTGGGAGGCC,222800.0,860,467693.62,556
974,974,TCCAGACCAGCGTGGCCAACGTGGTGAATC,222144.0,861,227141.03,824
210,210,GGGTCGCCTGCAACCTAGGCGGACGCTACC,221619.0,862,200022.25,858
554,554,GGCGGAACTCGAATTCATTTCTCCCGCTGC,221269.0,863,172963.75,895
294,294,TTCAAGAATGAGTATATCTCATCTTCCCGG,220574.0,864,140518.4,928
925,925,GCCTGCACTTTGGGAGGCCGAGGCGGGCGG,219532.0,865,292765.47,748
713,713,TGCACACAGCAAGTGCACAGGAAGATGAGT,219257.0,866,196073.31,862
541,541,CTTCCTGGTAGGAGGCGGAACTCGAATTCA,217792.0,867,181277.22,882
193,193,GGTGTGCCCCACCCCGCGGGTCGCCTGCAA,213588.0,868,295356.78,745
474,474,AAGCGGAAGGGGCGGGCCCGCAGGCGTCCG,209535.0,869,184884.72,879
392,392,ATAATTTGTCGGAAAAACAATCTACCTGTT,209125.0,870,123440.01,945
67,67,TTACTTGGCAGAGGGAGGCTGCTATTCTCC,208721.0,871,118018.08,952
223,223,CCTAGGCGGACGCTACCATGGCGTGAGACA,207868.0,872,208732.05,844
76,76,AGAGGGAGGCTGCTATTCTCCGCCTGCATT,201976.0,873,358404.75,664
908,908,TGGGCGCTGTGGCTCACGCCTGCACTTTGG,199255.0,874,363796.28,658
522,522,CCTCCGGCCCGAGCCGGTTCTTCCTGGTAG,197667.0,875,473836.66,549
132,132,CCTTTGCAAAGGCAGGGGTATTTGTTTTGA,197474.0,876,278680.16,774
426,426,AGCTTTGGGCTAGGCCATTCCAGTTCCAGA,195720.0,877,257953.52,791
422,422,ATCTAGCTTTGGGCTAGGCCATTCCAGTTC,194811.0,878,65105.934,990
909,909,GGGCGCTGTGGCTCACGCCTGCACTTTGGG,194624.0,879,216156.5,834
926,926,CCTGCACTTTGGGAGGCCGAGGCGGGCGGA,189491.0,880,193155.38,866
126,126,TTATGGCCTTTGCAAAGGCAGGGGTATTTG,188722.0,881,452711.28,570
213,213,TCGCCTGCAACCTAGGCGGACGCTACCATG,187100.0,882,229086.33,822
209,209,CGGGTCGCCTGCAACCTAGGCGGACGCTAC,185216.0,883,277512.22,775
799,799,CAGAAACGTTTCATCACGTCTCTTCCCAGT,183233.0,884,173725.44,893
80,80,GGAGGCTGCTATTCTCCGCCTGCATTTCTT,180785.0,885,213308.7,838
971,971,AGTTCCAGACCAGCGTGGCCAACGTGGTGA,180667.0,886,552711.4,489
523,523,CTCCGGCCCGAGCCGGTTCTTCCTGGTAGG,180337.0,887,151282.3,914
79,79,GGGAGGCTGCTATTCTCCGCCTGCATTTCT,179907.0,888,384249.5,635
214,214,CGCCTGCAACCTAGGCGGACGCTACCATGG,178870.0,889,236327.19,812
451,451,CCAGACGCAGGCTGAACGTCGTGAAGCGGA,178792.0,890,108186.37,962
186,186,TTTGAATGGTGTGCCCCACCCCGCGGGTCG,176130.0,891,467237.84,557
920,920,CTCACGCCTGCACTTTGGGAGGCCGAGGCG,174940.0,892,287798.7,757
289,289,GTATTTTCAAGAATGAGTATATCTCATCTT,174820.0,893,135415.56,934
206,206,CCGCGGGTCGCCTGCAACCTAGGCGGACGC,174199.0,894,328921.47,705
535,535,CCGGTTCTTCCTGGTAGGAGGCGGAACTCG,171596.0,895,204852.12,850
78,78,AGGGAGGCTGCTATTCTCCGCCTGCATTTC,170571.0,896,368789.6,653
907,907,CTGGGCGCTGTGGCTCACGCCTGCACTTTG,167052.0,897,281610.2,767
222,222,ACCTAGGCGGACGCTACCATGGCGTGAGAC,165149.0,898,309796.8,729
991,991,AACGTGGTGAATCCCCGTCTCTACTAAAAA,164619.0,899,64693.145,991
207,207,CGCGGGTCGCCTGCAACCTAGGCGGACGCT,163863.0,900,399942.34,621
291,291,ATTTTCAAGAATGAGTATATCTCATCTTCC,160609.0,901,197686.98,861
707,707,CGCCAGTGCACACAGCAAGTGCACAGGAAG,156676.0,902,340092.94,687
856,856,TCTCCATAACCATTTTGCCTGTTGGAGAAC,153919.0,903,226886.05,825
633,633,CCTGCCGCGTACCGGCCACTTTGTGCCGTA,152695.0,904,458453.62,566
900,900,AATCAGGCTGGGCGCTGTGGCTCACGCCTG,150765.0,905,73190.02,981
115,115,GGATTACTTAGTTATGGCCTTTGCAAAGGC,148568.0,906,212806.23,840
410,410,AATCTACCTGTTATCTAGCTTTGGGCTAGG,148454.0,907,271984.47,779
292,292,TTTTCAAGAATGAGTATATCTCATCTTCCC,147462.0,908,241112.0,806
120,120,ACTTAGTTATGGCCTTTGCAAAGGCAGGGG,147250.0,909,355925.16,669
915,915,TGTGGCTCACGCCTGCACTTTGGGAGGCCG,145198.0,910,358151.0,666
71,71,TTGGCAGAGGGAGGCTGCTATTCTCCGCCT,142737.0,911,122995.99,946
157,157,TTTGATGCAAACCTCAATCCCTCCCCTTCT,140281.0,912,219011.53,831
924,924,CGCCTGCACTTTGGGAGGCCGAGGCGGGCG,139999.0,913,72500.59,982
293,293,TTTCAAGAATGAGTATATCTCATCTTCCCG,138731.0,914,67934.2,986
81,81,GAGGCTGCTATTCTCCGCCTGCATTTCTTT,137947.0,915,236253.0,813
208,208,GCGGGTCGCCTGCAACCTAGGCGGACGCTA,137460.0,916,132335.67,939
906,906,GCTGGGCGCTGTGGCTCACGCCTGCACTTT,137106.0,917,220917.77,830
970,970,GAGTTCCAGACCAGCGTGGCCAACGTGGTG,135134.0,918,217490.36,832
219,219,GCAACCTAGGCGGACGCTACCATGGCGTGA,134833.0,919,244480.19,805
599,599,GCGGTTGTTTCATTCCGCAGTTTCTTCCCA,132850.0,920,258650.9,790
188,188,TGAATGGTGTGCCCCACCCCGCGGGTCGCC,130947.0,921,190999.44,870
972,972,GTTCCAGACCAGCGTGGCCAACGTGGTGAA,129636.0,922,271894.0,780
187,187,TTGAATGGTGTGCCCCACCCCGCGGGTCGC,126110.0,923,302410.94,737
295,295,TCAAGAATGAGTATATCTCATCTTCCCGGA,125446.0,924,116564.93,955
524,524,TCCGGCCCGAGCCGGTTCTTCCTGGTAGGA,122207.0,925,177817.6,886
973,973,TTCCAGACCAGCGTGGCCAACGTGGTGAAT,121173.0,926,288006.38,756
211,211,GGTCGCCTGCAACCTAGGCGGACGCTACCA,121159.0,927,212765.11,841
904,904,AGGCTGGGCGCTGTGGCTCACGCCTGCACT,119174.0,928,114363.05,957
412,412,TCTACCTGTTATCTAGCTTTGGGCTAGGCC,119057.0,929,407077.7,616
634,634,CTGCCGCGTACCGGCCACTTTGTGCCGTAC,118282.0,930,285819.53,761
423,423,TCTAGCTTTGGGCTAGGCCATTCCAGTTCC,117904.0,931,79356.48,976
702,702,CACAGCGCCAGTGCACACAGCAAGTGCACA,117683.0,932,859635.3,331
709,709,CCAGTGCACACAGCAAGTGCACAGGAAGAT,116967.0,933,287247.8,759
550,550,AGGAGGCGGAACTCGAATTCATTTCTCCCG,116280.0,934,148272.33,917
903,903,CAGGCTGGGCGCTGTGGCTCACGCCTGCAC,113457.0,935,60217.76,995
182,182,CTTCTTTGAATGGTGTGCCCCACCCCGCGG,112360.0,936,228209.44,823
303,303,GAGTATATCTCATCTTCCCGGAGGAAAAAA,108184.0,937,166578.02,900
420,420,TTATCTAGCTTTGGGCTAGGCCATTCCAGT,105619.0,938,114947.79,956
548,548,GTAGGAGGCGGAACTCGAATTCATTTCTCC,101703.0,939,192467.14,867
854,854,GATCTCCATAACCATTTTGCCTGTTGGAGA,101262.0,940,138423.12,930
969,969,GGAGTTCCAGACCAGCGTGGCCAACGTGGT,100208.0,941,177044.19,888
183,183,TTCTTTGAATGGTGTGCCCCACCCCGCGGG,98345.0,942,271507.06,781
711,711,AGTGCACACAGCAAGTGCACAGGAAGATGA,97760.0,943,181194.83,884
910,910,GGCGCTGTGGCTCACGCCTGCACTTTGGGA,97359.0,944,128287.5,942
413,413,CTACCTGTTATCTAGCTTTGGGCTAGGCCA,96540.0,945,438319.56,582
221,221,AACCTAGGCGGACGCTACCATGGCGTGAGA,95003.0,946,102850.984,967
475,475,AGCGGAAGGGGCGGGCCCGCAGGCGTCCGT,93290.0,947,149630.2,915
918,918,GGCTCACGCCTGCACTTTGGGAGGCCGAGG,92935.0,948,118243.89,950
127,127,TATGGCCTTTGCAAAGGCAGGGGTATTTGT,92648.0,949,323798.53,710
191,191,ATGGTGTGCCCCACCCCGCGGGTCGCCTGC,90883.0,950,296647.0,743
902,902,TCAGGCTGGGCGCTGTGGCTCACGCCTGCA,90547.0,951,61853.215,993
705,705,AGCGCCAGTGCACACAGCAAGTGCACAGGA,89749.0,952,695151.0,403
122,122,TTAGTTATGGCCTTTGCAAAGGCAGGGGTA,87899.0,953,331998.25,699
703,703,ACAGCGCCAGTGCACACAGCAAGTGCACAG,87802.0,954,887864.3,314
407,407,AACAATCTACCTGTTATCTAGCTTTGGGCT,84963.0,955,119805.54,949
975,975,CCAGACCAGCGTGGCCAACGTGGTGAATCC,83835.0,956,270260.6,782
525,525,CCGGCCCGAGCCGGTTCTTCCTGGTAGGAG,83353.0,957,144167.02,922
708,708,GCCAGTGCACACAGCAAGTGCACAGGAAGA,82999.0,958,136703.88,931
905,905,GGCTGGGCGCTGTGGCTCACGCCTGCACTT,82109.0,959,104126.766,965
189,189,GAATGGTGTGCCCCACCCCGCGGGTCGCCT,79526.0,960,279955.0,770
302,302,TGAGTATATCTCATCTTCCCGGAGGAAAAA,76714.0,961,70390.44,983
220,220,CAACCTAGGCGGACGCTACCATGGCGTGAG,76384.0,962,172683.48,896
411,411,ATCTACCTGTTATCTAGCTTTGGGCTAGGC,75605.0,963,462241.9,558
421,421,TATCTAGCTTTGGGCTAGGCCATTCCAGTT,74866.0,964,65299.87,989
116,116,GATTACTTAGTTATGGCCTTTGCAAAGGCA,73359.0,965,94574.34,970
706,706,GCGCCAGTGCACACAGCAAGTGCACAGGAA,69131.0,966,640632.06,430
549,549,TAGGAGGCGGAACTCGAATTCATTTCTCCC,68866.0,967,177015.42,889
121,121,CTTAGTTATGGCCTTTGCAAAGGCAGGGGT,66525.0,968,164159.94,904
476,476,GCGGAAGGGGCGGGCCCGCAGGCGTCCGTG,66061.0,969,129687.0,941
901,901,ATCAGGCTGGGCGCTGTGGCTCACGCCTGC,63884.0,970,87374.9,973
190,190,AATGGTGTGCCCCACCCCGCGGGTCGCCTG,62125.0,971,79100.38,977
192,192,TGGTGTGCCCCACCCCGCGGGTCGCCTGCA,61637.0,972,234795.03,815
203,203,ACCCCGCGGGTCGCCTGCAACCTAGGCGGA,61557.0,973,208109.16,845
976,976,CAGACCAGCGTGGCCAACGTGGTGAATCCC,57106.0,974,279600.22,772
298,298,AGAATGAGTATATCTCATCTTCCCGGAGGA,56238.0,975,144073.34,923
201,201,CCACCCCGCGGGTCGCCTGCAACCTAGGCG,54548.0,976,202124.4,854
424,424,CTAGCTTTGGGCTAGGCCATTCCAGTTCCA,54185.0,977,156517.16,911
922,922,CACGCCTGCACTTTGGGAGGCCGAGGCGGG,54121.0,978,110514.04,958
129,129,TGGCCTTTGCAAAGGCAGGGGTATTTGTTT,52238.0,979,252736.52,797
855,855,ATCTCCATAACCATTTTGCCTGTTGGAGAA,50869.0,980,43286.934,998
977,977,AGACCAGCGTGGCCAACGTGGTGAATCCCC,50755.0,981,320688.22,714
119,119,TACTTAGTTATGGCCTTTGCAAAGGCAGGG,50724.0,982,90042.64,972
923,923,ACGCCTGCACTTTGGGAGGCCGAGGCGGGC,46463.0,983,37382.438,999
117,117,ATTACTTAGTTATGGCCTTTGCAAAGGCAG,45814.0,984,73563.04,980
296,296,CAAGAATGAGTATATCTCATCTTCCCGGAG,45335.0,985,69650.484,984
978,978,GACCAGCGTGGCCAACGTGGTGAATCCCCG,41469.0,986,330350.34,703
710,710,CAGTGCACACAGCAAGTGCACAGGAAGATG,41146.0,987,429494.8,590
919,919,GCTCACGCCTGCACTTTGGGAGGCCGAGGC,40631.0,988,101343.96,969
301,301,ATGAGTATATCTCATCTTCCCGGAGGAAAA,40456.0,989,101748.79,968
118,118,TTACTTAGTTATGGCCTTTGCAAAGGCAGG,40188.0,990,67902.51,987
299,299,GAATGAGTATATCTCATCTTCCCGGAGGAA,39708.0,991,78553.57,978
704,704,CAGCGCCAGTGCACACAGCAAGTGCACAGG,34043.0,992,495170.84,529
131,131,GCCTTTGCAAAGGCAGGGGTATTTGTTTTG,33871.0,993,53883.324,997
202,202,CACCCCGCGGGTCGCCTGCAACCTAGGCGG,33811.0,994,226609.7,827
712,712,GTGCACACAGCAAGTGCACAGGAAGATGAG,32575.0,995,194652.25,864
300,300,AATGAGTATATCTCATCTTCCCGGAGGAAA,28832.0,996,62732.832,992
130,130,GGCCTTTGCAAAGGCAGGGGTATTTGTTTT,28665.0,997,105695.484,964
297,297,AAGAATGAGTATATCTCATCTTCCCGGAGG,17552.0,998,29651.09,1000
73,73,GGCAGAGGGAGGCTGCTATTCTCCGCCTGC,16731.0,999,136701.17,932
74,74,GCAGAGGGAGGCTGCTATTCTCCGCCTGCA,11938.0,1000,103811.7,966
